Ripple Cal debug - dump of raw traces.Initial PhaseMSE = 111999.184979596   Final PhaseMSE = 15951.0985357992   PhaseDCOffset = -1.27729729642116 Initial MagMSE = 9.36558629874592   Final MagMSE = 1.82164482216773   MagDCOffset = -0.00224561066521471 MagRipCoeff[0]->mag = 0.0289692863827268 MagRipCoeff[0]->freq = 100000000 MagRipCoeff[0]->offset = 44.1296641760137 
MagRipCoeff[1]->mag = 0.0544999841152897 MagRipCoeff[1]->freq = 300000000 MagRipCoeff[1]->offset = 36.4506523357618 
MagRipCoeff[2]->mag = 0.0986899428681659 MagRipCoeff[2]->freq = 600000000 MagRipCoeff[2]->offset = 33.5766109888533 
MagRipCoeff[3]->mag = 0.0972393616460644 MagRipCoeff[3]->freq = 900000000 MagRipCoeff[3]->offset = 17.4863145064838 
MagRipCoeff[4]->mag = 0.188065035820254 MagRipCoeff[4]->freq = 1200000000 MagRipCoeff[4]->offset = 20.6793810838415 
MagRipCoeff[5]->mag = 0.207511850535171 MagRipCoeff[5]->freq = 1500000000 MagRipCoeff[5]->offset = -71.8603150370663 
PhRipCoeff[0]->mag = 0.425671997332062 PhRipCoeff[0]->freq = 100000000 PhRipCoeff[0]->offset = 142.903108325017 
PhRipCoeff[1]->mag = -2.54775127183176 PhRipCoeff[1]->freq = 300000000 PhRipCoeff[1]->offset = 182.004580776718 
PhRipCoeff[2]->mag = -6.08012990606737 PhRipCoeff[2]->freq = 600000000 PhRipCoeff[2]->offset = 142.180146401693 
PhRipCoeff[3]->mag = -10.3459087574993 PhRipCoeff[3]->freq = 900000000 PhRipCoeff[3]->offset = 121.976237792771 
PhRipCoeff[4]->mag = -18.7661480224738 PhRipCoeff[4]->freq = 1200000000 PhRipCoeff[4]->offset = 117.547474076669 
PhRipCoeff[5]->mag = -23.88924264416 PhRipCoeff[5]->freq = 1500000000 PhRipCoeff[5]->offset = 19.0060522170014 
 Start of Raw Dump: Index  openAngle  phaseError  magError
0, -0.905000000000001, 0.240968749999993, -0.0203243132803008
1, -6.176625, 0.580343749999997, -0.016743622553737
2, 146.92675, 79.96015625, 0.000705563816564447
3, 157.402125, 1.33262499999999, -0.00310037104607547
4, 146.0783125, 1.33262499999999, -0.00310037104607547
5, -27.0255625, 79.86965625, 0.000705563816564447
6, -32.240625, 1.33262499999999, 0.0044749408513276
7, -37.4556875, 1.33262499999999, 0.0044749408513276
8, 114.03, 1.33262499999999, 0.0044749408513276
9, 150.2413125, 1.65503124999999, 0.00684566103764223
10, -53.1574375, 1.70028125000001, 0.00923124698239891
11, -58.4064375, 1.739875, 0.0119485037526743
12, -63.66675, 1.739875, 0.0127946030481295
13, -68.9270625, 1.77381250000001, 0.0143221477747161
14, -74.1986875, 1.7964375, 0.0163436639988894
15, -79.481625, 1.7964375, 0.0187062242923122
16, -84.7645625, 1.7964375, 0.0203839549134988
17, -90.070125, 1.7964375, 0.0207943259398225
18, -95.3756875, 1.7964375, 0.022736781985924
19, -100.6925625, 1.77946874999999, 0.0247546965157721
20, -106.0094375, 1.71159375, 0.0274061553703265
21, -111.337625, 1.66634375, 0.0290655124931307
22, -116.6658125, 1.61543750000001, 0.0303949329496984
23, -122.0053125, 1.56453125, 0.0313729322610229
24, -127.3674375, 1.491, 0.0313729322610229
25, -132.71825, 1.491, 0.0313729322610229
26, -138.103, 1.42878125, 0.0315312371412396
27, -143.465125, 1.33828124999999, 0.0315312371412396
28, -148.8385625, 1.07809374999999, 0.0308367796361168
29, -154.2006875, 0.987593750000002, 0.0297970589757124
30, -159.574125, 0.885781249999994, 0.0287596922848753
31, -164.958875, 0.885781249999994, 0.0287596922848753
32, -170.3549375, 0.778312499999998, 0.0287596922848753
33, -175.751, 0.670843750000003, 0.0274008837459054
34, 178.850625, 0.556562499999984, 0.0257004687135635
35, 173.44325, 0.443437499999987, 0.0236794368794808
36, 168.0585, 0.335968749999992, 0.0213201888343028
37, 162.6850625, 0.234156250000012, 0.0193064924946594
38, 157.3003125, 0.126687500000003, 0.0169568623338641
39, 151.9381875, 0.0248750000000086, 0.0142859090569082
40, 146.5760625, -0.0712812500000126, 0.0116103356263703
41, 141.2139375, -0.167437500000005, 0.0089496746111391
42, 135.863125, -0.257937499999983, 0.00595963436380331
43, 130.4896875, -0.337125, 0.00297867449946615
44, 125.1501875, -0.438937499999994, 0.000330463472129727
45, 119.8106875, -0.512468750000011, -0.00264071730756471
46, 114.4825, -0.580343749999997, -0.00560519831668804
47, 109.143, -0.642562500000011, -0.00856302514941254
48, 103.826125, -0.699125000000009, -0.0115142432283919
49, 98.4753125, -0.772656250000011, -0.0138016187168343
50, 93.1584375, -0.800937500000003, -0.0167404592985959
51, 87.852875, -0.829218750000024, -0.0190169506963158
52, 82.468125, -0.857500000000016, -0.0216078133183578
53, 77.2304375, -0.874468750000005, -0.0238730334410074
54, 71.970125, -0.874468750000005, -0.0261925621535467
55, 66.630625, -0.880125000000007, -0.0274610923080469
56, 61.336375, -0.880125000000007, -0.0287692341106451
57, 56.15525, -0.880125000000007, -0.0300320267604747
58, 50.8496875, -0.863156249999989, -0.0310000327127401
59, 45.6911875, -0.823562500000008, -0.0318468084206838
60, 40.4421875, -0.812250000000006, -0.0318468084206838
61, 35.2384375, -0.76700000000001, -0.0318468084206838
62, 30.0120625, -0.721749999999986, -0.0318468084206838
63, 24.8083125, -0.665187500000002, -0.031485991387205
64, 19.6271875, -0.586000000000013, -0.0308132247820673
65, 14.4234375, -0.518124999999984, -0.0298059790775686
66, 9.2423125, -0.433281250000007, -0.0284665312710105
67, 4.07249999999999, -0.342781250000002, -0.0265049549323719
68, -1.09731249999999, -0.245468749999986, -0.0248601385017614
69, -6.25581249999999, -0.138000000000005, -0.0232191027017787
70, -11.425625, -0.0474999999999994, -0.0206230809722452
71, -16.5728125, 0.0656250000000114, -0.0183462578166991
72, -21.742625, 0.173093750000007, -0.0154316343874294
73, -26.8898125, 0.280562500000002, -0.0125237681641874
74, -32.037, 0.393687499999984, -0.00994713923025403
75, -37.172875, 0.529437499999986, -0.00641015478192458
76, -42.3200625, 0.642562499999997, -0.00352156846600638
77, -47.46725, 0.755687500000008, 0
78, -52.603125, 0.874468749999991, 0.00319538301032846
79, -57.739, 0.993250000000003, 0.00638116194098154
80, -62.8861875, 1.10071875, 0.00987972990346564
81, -68.0220625, 1.21950000000001, 0.0130570944879995
82, -73.16925, 1.32696875000001, 0.0159055600922097
83, -78.32775, 1.42312499999999, 0.0190727558781385
84, -83.4749375, 1.53059375000002, 0.021909430810691
85, -88.6334375, 1.62674999999999, 0.0247399082616486
86, -93.80325, 1.71159374999998, 0.0272575840539617
87, -98.9956875, 1.78512500000001, 0.0294437154376856
88, -104.1768125, 1.853, 0.0316250652162211
89, -109.324, 1.94350000000001, 0.0325128194320164
90, -114.5616875, 1.98309374999999, 0.0340533523394175
91, -119.7428125, 2.05096875, 0.0362481642330281
92, -124.957875, 2.08490625, 0.0368232893529714
93, -130.2181875, 2.10753124999999, 0.0380830674207276
94, -135.455875, 2.10753124999999, 0.0380830674207276
95, -140.750125, 2.10753124999999, 0.0380830674207276
96, -145.9878125, 2.10753124999999, 0.0380830674207276
97, -151.293375, 2.10187500000001, 0.0376114971156477
98, -156.542375, 2.09621875000001, 0.0369562878192338
99, -161.8026875, 2.08490625, 0.0353225895879467
100, -167.19875, 1.99440625000001, 0.0340457803679226
101, -172.470375, 1.96612500000001, 0.0324709557759199
102, -177.8325, 1.88693749999999, 0.0308740964447094
103, 176.814375, 1.80093749999999, 0.0286576709830891
104, 171.4861875, 1.73306250000002, 0.0258239517665281
105, 166.1240625, 1.62559374999999, 0.0226946365186339
106, 160.7619375, 1.52378125, 0.0198735486340819
107, 155.3998125, 1.4163125, 0.0167425177977567
108, 150.026375, 1.30318749999999, 0.0136211354986317
109, 144.66425, 1.1900625, 0.0098985839241183
110, 139.302125, 1.05996875, 0.00648359757809619
111, 133.89475, 0.918562499999993, 0.00246712220362189
112, 128.5213125, 0.788468750000021, -0.000924121711938786
113, 123.147875, 0.675343749999996, -0.00430444907421373
114, 117.7065625, 0.522625000000005, -0.00829213990096428
115, 112.3444375, 0.364250000000013, -0.01196871483072
116, 106.971, 0.234156250000012, -0.0156281652345158
117, 101.58625, 0.0814375000000211, -0.018664784156602
118, 96.2015, -0.0543124999999804, -0.0223036713174216
119, 90.794125, -0.20703125, -0.0250069914208073
120, 85.409375, -0.331468749999999, -0.0283521737562971
121, 80.04725, -0.467218750000001, -0.0307457128739787
122, 74.639875, -0.580343750000011, -0.0331322395845013
123, 69.2890625, -0.738718750000004, -0.0345875938190482
124, 63.9269375, -0.829218749999995, -0.0372778153549805
125, 58.5421875, -0.953656249999995, -0.0387503906661007
126, 53.2026875, -1.02718750000001, -0.0389502314507494
127, 47.8858125, -1.13465625000001, -0.039841739159278
128, 42.512375, -1.2195, -0.039841739159278
129, 37.1955, -1.29868749999999, -0.0398868437588543
130, 31.878625, -1.33262500000001, -0.0398868437588543
131, 26.5730625, -1.39484375000001, -0.0398868437588543
132, 21.290125, -1.41746875000001, -0.039601650611122
133, 16.0071875, -1.42878124999999, -0.0386278616879532
134, 10.7355625, -1.42878124999999, -0.0370874855495157
135, 5.49787499999999, -1.42878124999999, -0.0349527986827344
136, 0.248874999999998, -1.42878124999999, -0.0328231441299224
137, -4.96618749999999, -1.3936875, -0.0303888243776633
138, -10.1699375, -1.34843749999999, -0.0273668787011724
139, -15.362375, -1.291875, -0.0243543795561909
140, -20.5435, -1.22399999999999, -0.0210626007312078
141, -25.724625, -1.15046874999999, -0.0174756482497202
142, -30.8605, -1.04865624999999, -0.0138998384283303
143, -36.019, -0.952500000000015, -0.0100435615816024
144, -41.1661875, -0.845031249999991, -0.00619156485437034
145, -46.2794375, -0.720593749999992, -0.00206071946075653
146, -51.381375, -0.584843750000005, 0.00176299725473344
147, -56.5059375, -0.454750000000011, 0.00645463136656493
148, -61.58525, -0.296374999999998, 0.0102495346815125
149, -66.6871875, -0.149312500000008, 0.0143280827934317
150, -71.7778125, 0.00906249999999176, 0.0183946910550483
151, -76.857125, 0.167437500000005, 0.0221494982750542
152, -81.9364375, 0.342781250000009, 0.0258906021134006
153, -87.0044375, 0.495499999999993, 0.0293386966757327
154, -92.1176875, 0.659531250000008, 0.0327769214467828
155, -97.197, 0.829218749999995, 0.0356256627914828
156, -102.287625, 0.998906249999997, 0.0384662342479001
157, -107.37825, 1.15728125, 0.0409941252840622
158, -112.4915, 1.31, 0.0432406699167577
159, -117.6160625, 1.45140625000001, 0.0449043551371565
160, -122.718, 1.604125, 0.0465631480241577
161, -127.853875, 1.7285625, 0.0476422985964645
162, -132.9784375, 1.86431250000001, 0.0481442636525055
163, -138.14825, 1.97178125000001, 0.0481442636525055
164, -143.2954375, 2.07925, 0.0481442636525055
165, -148.46525, 2.16975000000001, 0.0481442636525055
166, -153.6350625, 2.26025, 0.0475868920135248
167, -158.8388125, 2.31681250000001, 0.0463754987049956
168, -164.0651875, 2.35640624999999, 0.0445989426824477
169, -169.28025, 2.40615624999998, 0.0428278746622395
170, -174.5179375, 2.40615624999998, 0.040495342175314
171, -179.755625, 2.40615624999998, 0.0381701252687272
172, 174.959125, 2.40615624999998, 0.0347221575106506
173, 169.6875, 2.38353125, 0.0312852275766861
174, 164.4045625, 2.34959375, 0.028130150439721
175, 159.099, 2.29303125, 0.0244256362792413
176, 153.782125, 2.21384375000001, 0.020463037795365
177, 148.487875, 2.13465624999999, 0.0165004502351082
178, 143.0918125, 2.01021875000001, 0.012007127743608
179, 137.741, 1.90275, 0.0078036430065434
180, 132.3675625, 1.77265625000001, 0.00333679573928902
181, 126.994125, 1.63690625, -0.00138770399595373
182, 121.609375, 1.48984375000001, -0.00554039069588164
183, 116.2133125, 1.33712499999999, -0.00995033669876072
184, 110.81725, 1.17309374999999, -0.0146219892849958
185, 105.3985625, 0.992093750000009, -0.0189939578575712
186, 100.025125, 0.828062499999987, -0.0233467471975279
187, 94.5611875, 0.630093750000015, -0.0268681516152595
188, 89.119875, 0.432124999999985, -0.0306390805299642
189, 83.689875, 0.251124999999973, -0.0341333746132991
190, 78.2485625, 0.0588124999999877, -0.0370695625844775
191, 72.829875, -0.150468750000002, -0.0402523360661923
192, 67.3885625, -0.325812499999998, -0.0426223177976343
193, 61.9585625, -0.501156249999994, -0.0446954775818224
194, 56.539875, -0.68215625000002, -0.0465063368897082
195, 51.109875, -0.85184375, -0.0480583797158771
196, 45.6911875, -1.03284375000001, -0.0490287708031102
197, 40.2725, -1.17990625, -0.0491953153815454
198, 34.88775, -1.32696874999998, -0.0491953153815454
199, 29.480375, -1.45706249999999, -0.0491953153815454
200, 24.1521875, -1.54756250000001, -0.0491953153815454
201, 18.8126875, -1.6380625, -0.0474809199093789
202, 13.43925, -1.77946874999999, -0.0472578801369208
203, 8.13368750000001, -1.81224999999999, -0.0468757499413126
204, 2.828125, -1.830375, -0.0446745486743659
205, -2.13806249999999, -1.84618750000001, -0.0433107093763319
206, -7.307875, -1.84618750000001, -0.0427299783344299
207, -12.489, -1.84618750000001, -0.039310916722758
208, -17.738, -1.81224999999999, -0.0351247301921534
209, -22.873875, -1.80659374999999, -0.0302098703742593
210, -28.10025, -1.80093749999999, -0.0240089226188981
211, -33.4058125, -1.75568750000001, -0.019782838109889
212, -38.4511875, -1.65953125000001, -0.0145933082917462
213, -43.4739375, -1.52378125, -0.00810100062973751
214, -48.55325, -1.2805625, -0.00388403153450556
215, -53.643875, -1.24096874999999, 0.00323424504708669
216, -58.666625, -1.08825000000001, 0.00709393278339604
217, -63.598875, -0.884624999999993, 0.0141883555542437
218, -68.78, -0.709281249999989, 0.0200087016961899
219, -73.689625, -0.528281250000006, 0.0260336831885761
220, -78.554, -0.183250000000001, 0.0321308381700876
221, -83.7011875, -0.16062500000001, 0.037303008917948
222, -88.712625, 0.0995624999999905, 0.0426934176602403
223, -93.6675, 0.376718749999988, 0.0473877501457906
224, -98.5545, 0.682156249999998, 0.0496878453470597
225, -103.5885625, 0.925375000000003, 0.0548746177847725
226, -108.441625, 1.14596875, 0.0591402324755812
227, -113.419125, 1.34959375, 0.0615623881852823
228, -118.532375, 1.58150000000001, 0.0624030704735799
229, -123.5438125, 1.83603125, 0.0665755250962758
230, -128.4760625, 2.04531249999999, 0.0687842047241502
231, -133.4535625, 2.24328125, 0.0698494766851571
232, -138.4536875, 2.41296875, 0.0698494766851571
233, -143.6235, 2.55437499999999, 0.0698494766851571
234, -148.4991875, 2.825875, 0.0698494766851571
235, -153.646375, 2.961625, 0.0689520686189254
236, -158.8161875, 3.0295, 0.0687128933775796
237, -163.9068125, 3.18787500000001, 0.0654408330465522
238, -168.9295625, 3.38018750000001, 0.0618865943891754
239, -174.0654375, 3.51593750000001, 0.0577532812342517
240, -179.2013125, 3.53290625, 0.0561092869359849
241, 175.5360625, 3.53290625, 0.0521042269925921
242, 170.45675, 3.53290625, 0.0459761295418016
243, 165.230375, 3.53290625, 0.0415322216265098
244, 159.709875, 3.51478124999998, 0.0376968442935719
245, 154.5400625, 3.46953125, 0.0323413211593436
246, 149.2458125, 3.42428124999999, 0.0257159202411524
247, 143.962875, 3.35640624999999, 0.0178539778760555
248, 138.6573125, 3.28287499999999, 0.0131501293707168
249, 133.2725625, 3.10187499999999, 0.00780067916157806
250, 127.8765, 2.92087500000001, -0.000623338283556762
251, 122.423875, 2.77946875000001, -0.00498673615762513
252, 117.0051875, 2.53625, -0.0133669671609821
253, 111.473375, 2.33262499999998, -0.0201765112811049
254, 106.1225625, 2.17425, -0.0251824578373319
255, 100.59075, 1.90275, -0.032622735738686
256, 94.97975, 1.5068125, -0.0394031793480241
257, 89.45925, 1.25228125000001, -0.0449251836805254
258, 83.870875, 0.958156250000002, -0.0492305640416488
259, 78.395625, 0.692312500000014, -0.0532812780069508
260, 72.6601875, 0.319000000000017, -0.0584013553427289
261, 67.218875, 0.0588125000000019, -0.0619235169934999
262, 61.5965625, -0.274906250000015, -0.0643082077646792
263, 56.042125, -0.648218749999984, -0.0689303721238235
264, 50.5103125, -0.95931250000001, -0.0711263295535815
265, 44.955875, -1.3213125, -0.0722026613935564
266, 39.2883125, -1.59281250000002, -0.0725394261126067
267, 33.8583125, -1.89824999999999, -0.0725394261126067
268, 28.394375, -2.18671875, -0.0725394261126067
269, 22.8625625, -2.44125000000001, -0.0722026613935564
270, 17.42125, -2.56568750000002, -0.0714633488065535
271, 12.0025625, -2.90506250000001, -0.0699391409990869
272, 6.6630625, -3.07475000000001, -0.0674577225622004
273, 1.2783125, -3.1539375, -0.0634506866963536
274, -4.07249999999999, -3.37453124999999, -0.0593075646234997
275, -9.33281249999999, -3.48650000000001, -0.0566726523412934
276, -14.52525, -3.58831249999999, -0.0529510641174868
277, -19.8986875, -3.70143749999998, -0.0466449517337473
278, -25.0345625, -3.70143749999998, -0.041373132060207
279, -30.159125, -3.70709374999998, -0.0352204864676972
280, -35.181875, -3.70709374999998, -0.0299770745051079
281, -40.249875, -3.70143749999998, -0.0262275443888227
282, -45.5328125, -3.62224999999999, -0.0185189592078348
283, -50.3971875, -3.5204375, -0.0110939901671739
284, -55.318125, -3.35075, -0.00462063229814147
285, -60.340875, -3.21500000000001, 0.00429794965581626
286, -65.2505, -3.0453125, 0.0107329665118127
287, -70.024375, -2.82471875000001, 0.017739990402301
288, -75.047125, -2.63806249999999, 0.025359909645841
289, -79.9454375, -2.44009375, 0.0317672372988136
290, -84.866375, -2.31, 0.0372408709455782
291, -89.776, -2.03849999999999, 0.0429645638148728
292, -94.6743125, -1.7330625, 0.0498116612483589
293, -99.4029375, -1.45025, 0.0549619656213292
294, -104.30125, -1.04865625, 0.0611422673970035
295, -109.120375, -0.805437499999996, 0.0635687245695738
296, -114.052625, -0.516968750000004, 0.0685972098683341
297, -118.7473125, -0.0361874999999969, 0.0738281340929218
298, -123.645625, 0.195718749999997, 0.0761309427807957
299, -128.396875, 0.563375000000008, 0.0806563488787647
300, -133.3178125, 0.897093749999996, 0.0820677787865939
301, -138.23875, 1.07243749999999, 0.0834921622075406
302, -143.0013125, 1.50796875, 0.0834921622075406
303, -147.854375, 1.830375, 0.0834921622075406
304, -152.80925, 2.04531250000001, 0.0834921622075406
305, -157.7301875, 2.4525625, 0.0827684273580127
306, -162.651125, 2.56003124999999, 0.0817175174673878
307, -167.900125, 2.91071875, 0.0788848374657352
308, -172.7645, 3.18787500000001, 0.0757379599938777
309, -177.9116875, 3.31796875000001, 0.0715301117348094
310, 177.1876875, 3.49781249999999, 0.0689505255826675
311, 171.9613125, 3.53740625, 0.0634109546539573
312, 166.859375, 3.61093750000001, 0.0593184616066076
313, 161.85925, 3.80324999999999, 0.0539567041337403
314, 157.0288125, 3.80324999999999, 0.0473183451327311
315, 151.6893125, 3.80324999999999, 0.0404448565207218
316, 146.5534375, 3.80324999999999, 0.0336357907366303
317, 141.2365625, 3.75800000000001, 0.0279594703536588
318, 136.33825, 3.70709375000001, 0.0209675920112777
319, 131.0326875, 3.69012499999999, 0.0130494214426042
320, 125.4895625, 3.39034374999999, 0.00782941152300926
321, 120.13875, 3.22065625, -0.000288661647925903
322, 115.048125, 3.16975000000002, -0.00749116037058861
323, 109.6294375, 2.88693749999999, -0.0166365303079195
324, 104.4030625, 2.76249999999999, -0.0223071948033319
325, 98.803375, 2.35525000000001, -0.0277327139616883
326, 93.3168125, 1.99325000000002, -0.0355816515346591
327, 87.8189375, 1.72175000000001, -0.0411865568019706
328, 82.4341875, 1.47853125, -0.0490389502284037
329, 76.7553125, 1.19571875, -0.0536423380765011
330, 71.133, 0.765843750000002, -0.0593809228696237
331, 65.6011875, 0.41515625000001, -0.0653793669708024
332, 60.0580625, 0.183249999999987, -0.0673848594630818
333, 54.43575, -0.30884374999998, -0.0709116283102127
334, 48.8813125, -0.614281249999991, -0.0739209233825954
335, 43.281625, -0.908406249999999, -0.0741738340872552
336, 37.648, -1.31000000000002, -0.0749880554707393
337, 31.923875, -1.72856249999998, -0.075183568238881
338, 26.584375, -1.96612499999999, -0.075183568238881
339, 21.13175, -2.24328125, -0.075183568238881
340, 15.452875, -2.57134374999998, -0.075183568238881
341, 10.27175, -2.63356250000001, -0.0734455229146169
342, 4.53631250000001, -2.98425, -0.0698832235888335
343, -0.69006250000001, -3.25009374999999, -0.0682527687206964
344, -6.0295625, -3.41978125, -0.063109580586204
345, -11.403, -3.59396875, -0.0583741877359646
346, -16.5954375, -3.62790625000001, -0.0527382908573017
347, -21.787875, -3.67881249999999, -0.0474109512749187
348, -26.7993125, -3.67881249999999, -0.0423211275878412
349, -32.0030625, -3.67881249999999, -0.036135716648992
350, -37.082375, -3.65053125, -0.0305267225698611
351, -42.105125, -3.65053125, -0.0210561767805764
352, -47.1505, -3.5204375, -0.0140382911178826
353, -52.0035625, -3.3394375, -0.00606229504435374
354, -56.947125, -3.10187499999999, 0.00137102962437236
355, -61.8115, -2.89825, 0.00929863063464076
356, -66.8003125, -2.56453125000001, 0.0153276891393369
357, -71.7099375, -2.4796875, 0.0236627184193342
358, -76.3933125, -2.04415624999999, 0.0303854976177477
359, -81.517875, -1.71609375, 0.0381588064444172
360, -85.997625, -1.14481249999999, 0.0471224429801679
361, -90.7149375, -0.726250000000015, 0.0535154599927203
362, -95.4661875, -0.268093749999998, 0.0584370016937764
363, -100.4663125, 0.246625000000002, 0.0645451929546454
364, -104.8895, 0.919718750000001, 0.0717429422632311
365, -109.980125, 1.2081875, 0.075682332485788
366, -114.4938125, 1.94349999999999, 0.079772583806294
367, -119.1885, 2.51478125, 0.0843897987545042
368, -124.347, 2.95596875, 0.0895221578858304
369, -128.6344375, 3.91187500000001, 0.0907508931325079
370, -133.4761875, 4.20599999999999, 0.0919303474046044
371, -138.125625, 4.94696875, 0.0919540771252227
372, -143.3406875, 5.20715625, 0.0919540771252227
373, -147.763875, 6.0046875, 0.0919540771252227
374, -152.4359375, 6.45153125, 0.0919303474046044
375, -157.175875, 6.90403125, 0.0911632202657747
376, -162.0289375, 7.36784374999999, 0.0878199345831072
377, -166.7575625, 7.88256250000001, 0.0870479598382188
378, -171.9160625, 8.16537499999998, 0.0809769002649696
379, -176.497625, 8.56131249999999, 0.0797208519830108
380, 178.6356875, 8.76943750000001, 0.0719358230579151
381, 173.646875, 9.10881250000001, 0.0687203093237918
382, 169.0426875, 9.36334375, 0.0611549269185359
383, 163.782375, 9.39728125000001, 0.0577537898207603
384, 159.1329375, 9.55000000000001, 0.0505877033537041
385, 153.827375, 9.58959374999999, 0.0435776616549301
386, 149.2005625, 9.58959374999999, 0.0334096809146748
387, 143.872375, 9.58959374999999, 0.02598368933824
388, 139.14375, 9.55000000000001, 0.0187941080820351
389, 133.80425, 9.53303125000001, 0.011158261802752
390, 128.7701875, 9.51040625000002, 0.00245113255097618
391, 123.6116875, 9.2445625, -0.00545317915931987
392, 118.4758125, 9.1314375, -0.0154898599903111
393, 112.89875, 8.80903125, -0.0228033712580567
394, 107.876, 8.69024999999999, -0.0298877126958467
395, 102.4799375, 8.23775000000001, -0.0385838066854645
396, 97.2535625, 7.98887499999998, -0.0454233252307395
397, 91.6878125, 7.54203125000001, -0.053056730556681
398, 86.359625, 7.14043749999999, -0.0594447993286444
399, 80.4431875, 6.54087500000003, -0.0644957469640778
400, 75.2846875, 6.27503125000001, -0.0700772043384221
401, 69.45875, 5.6471875, -0.074998393064229
402, 64.0853125, 5.17771875, -0.08013503093666
403, 58.14625, 4.52725000000001, -0.086315386007504
404, 52.671, 4.02384375, -0.0893570793295356
405, 46.6414375, 3.31115624999998, -0.0908881278773913
406, 41.1209375, 2.89259375000002, -0.0936241050785203
407, 35.634375, 2.36090624999999, -0.0941040585776564
408, 30.0120625, 1.81225000000001, -0.0941040585776564
409, 24.1069375, 1.24096874999999, -0.0941040585776564
410, 18.6995625, 0.833718750000003, -0.0936241050785203
411, 12.5908125, 0.183250000000001, -0.0894444968724612
412, 7.307875, -0.337125, -0.0891463031739507
413, 1.923125, -0.608625000000004, -0.0854717492146421
414, -3.82362499999999, -1.08824999999999, -0.0808029226818432
415, -9.31018750000001, -1.54075000000002, -0.0756990148996192
416, -14.61575, -1.88578125000001, -0.0711942374520134
417, -20.1928125, -2.287375, -0.0646356160310563
418, -25.272125, -2.5023125, -0.0592563680365555
419, -30.702125, -2.90390624999999, -0.0501713124372272
420, -35.7475, -3.00571875, -0.0446976735474585
421, -41.3924375, -3.24328125, -0.0371872016733324
422, -46.1436875, -3.34509374999998, -0.03162373569481
423, -51.471875, -3.34509374999998, -0.0231865375674878
424, -56.1213125, -3.34509374999998, -0.0127639459766765
425, -61.22325, -3.34509374999998, -0.00649719895718992
426, -66.2120625, -3.29984375000001, 0.00336322598096545
427, -71.065125, -3.24328125, 0.0141335663597877
428, -76.33675, -3.21499999999999, 0.0224268232730511
429, -80.8730625, -3.03399999999999, 0.028155990162419
430, -85.7374375, -2.66634375000001, 0.0383548486219908
431, -90.8506875, -2.60978125, 0.0443218832801452
432, -95.4435625, -2.13465625000001, 0.0546416325620248
433, -100.3984375, -1.87446875000001, 0.062695113790209
434, -105.2628125, -1.59165625, 0.0688207742365125
435, -109.889625, -1.29753124999999, 0.0732527951245238
436, -114.7426875, -0.9185625, 0.0797400876603594
437, -119.1093125, -0.335968749999999, 0.0832360099304753
438, -123.8153125, 0.1448125, 0.0886154078847823
439, -128.894625, 0.670843750000003, 0.0931049979528725
440, -133.4083125, 1.14596875000001, 0.09623266497759
441, -138.1369375, 1.67200000000001, 0.0986124136007326
442, -143.419875, 2.0000625, 0.0991962938972601
443, -148.125875, 2.758, 0.0991962938972601
444, -152.605625, 3.28403125, 0.0991962938972601
445, -157.311625, 3.65734375000001, 0.098924203830585
446, -162.40225, 4.12115625, 0.0986124136007326
447, -167.0969375, 4.6245625, 0.0955132911624775
448, -171.99525, 4.85646875, 0.0943807190150309
449, -176.3958125, 5.45037500000001, 0.0877492909389624
450, 178.3641875, 5.57365625000001, 0.084745082414751
451, 173.579, 5.86778125000001, 0.079635413619406
452, 169.1331875, 6.13928125000001, 0.0704937734231753
453, 163.8841875, 6.25240624999999, 0.0665437343235356
454, 159.0876875, 6.45037499999999, 0.0573586589038423
455, 154.1554375, 6.48996875, 0.050007325631427
456, 149.2005625, 6.495625, 0.045315683885192
457, 144.551125, 6.495625, 0.0371202731865725
458, 139.166375, 6.48996875, 0.0260852725103057
459, 134.505625, 6.45037499999999, 0.0182086992113349
460, 129.6978125, 6.41078125, 0.0111517046127567
461, 124.279125, 6.31462500000001, 0.000737258518081707
462, 119.2903125, 5.93565625000002, -0.00689421611905261
463, 114.1318125, 5.83950000000002, -0.0192222550280924
464, 109.00725, 5.49446875000001, -0.0258303180154056
465, 103.93925, 5.2625625, -0.0334549012435724
466, 98.577125, 4.88925, -0.0422891216325331
467, 92.9435, 4.30099999999999, -0.0484358318426945
468, 87.46825, 3.84284375000001, -0.0558617598683197
469, 82.3889375, 3.48084374999999, -0.0644487649467158
470, 76.6874375, 2.96046874999999, -0.0730570568630499
471, 71.17825, 2.3213125, -0.0757474603086477
472, 65.47675, 1.90275000000001, -0.0836203177661358
473, 60.024125, 1.21834375000002, -0.0873396897520771
474, 53.8814375, 0.60746875000001, -0.0929039440977772
475, 48.4966875, 0.205874999999992, -0.0954982043268568
476, 42.39925, -0.744375000000019, -0.0978539967404569
477, 36.743, -1.423125, -0.098467078241002
478, 30.9396875, -1.77946875000001, -0.098467078241002
479, 25.5096875, -2.2489375, -0.098467078241002
480, 19.186, -3.2896875, -0.0984478403635295
481, 13.2016875, -4.002375, -0.0984478403635295
482, 7.79431249999999, -4.23428125000001, -0.0960924050007717
483, 1.69687500000001, -5.09403124999999, -0.0917123032710587
484, -4.230875, -5.71056249999999, -0.0915738240787152
485, -9.7853125, -5.88025, -0.0853591283358124
486, -15.88275, -6.74449999999999, -0.0762527504717861
487, -21.606875, -7.14609375000001, -0.0725338617841969
488, -26.720125, -7.30446875000001, -0.0654541233088772
489, -32.62525, -7.91534375000001, -0.0591508298611537
490, -37.9308125, -8.0680625, -0.0512219769358243
491, -43.3834375, -8.23209374999999, -0.0423095314413396
492, -48.983125, -8.28300000000002, -0.0303526899893211
493, -53.9493125, -8.28300000000002, -0.0209658905920929
494, -59.2888125, -8.28300000000002, -0.0128592175776823
495, -64.6509375, -8.23209374999999, -0.00196289942329592
496, -69.5605625, -8.11896874999999, 0.00674083694114302
497, -74.61725, -7.90968750000001, 0.0184020838698605
498, -79.526875, -7.64384374999999, 0.0246558710586938
499, -84.685375, -7.45718749999999, 0.0352516311979035
500, -89.45925, -6.84631250000001, 0.0433164133614437
501, -94.1539375, -6.09968749999999, 0.0557294380206396
502, -98.9278125, -5.48315625, 0.0622559069326416
503, -103.5659375, -5.12115625000001, 0.0714292466676943
504, -108.4076875, -4.61774999999999, 0.0765938399472806
505, -112.876125, -3.87112500000001, 0.0865298525299404
506, -117.627375, -3.3055, 0.0927754938911049
507, -122.152375, -2.41746875, 0.0955333492312382
508, -126.632125, -1.25228125, 0.101457584708931
509, -131.1345, -0.601812500000008, 0.104463271243994
510, -135.5124375, 0.274906250000001, 0.110416348870302
511, -140.04875, 0.631250000000009, 0.111397147376585
512, -144.370125, 1.46837499999999, 0.112162188399563
513, -148.9969375, 2.51478125, 0.112228819084063
514, -153.239125, 3.32362499999999, 0.112228819084063
515, -157.5718125, 4.07590625, 0.112228819084063
516, -162.0855, 4.21731250000001, 0.112228819084063
517, -166.4634375, 5.05443750000001, 0.108623790356295
518, -170.7735, 5.36553125, 0.105500259601757
519, -175.2419375, 5.91984374999998, 0.103525816983011
520, -179.59725, 6.60424999999998, 0.0964296732067906
521, 175.999875, 6.98206249999998, 0.0951318924631781
522, 171.54275, 7.46284375, 0.0879529157147857
523, 167.040375, 7.63818749999999, 0.0791566770467524
524, 162.5266875, 8.0680625, 0.0750531231601924
525, 158.0469375, 8.14159375000001, 0.0698068585511251
526, 153.5785, 8.24340625000001, 0.0581818851391107
527, 148.8725, 8.38481249999998, 0.0523721111578063
528, 143.9968125, 8.4526875, 0.0404124686889039
529, 139.6415, 8.4526875, 0.0350676518764101
530, 134.9241875, 8.4526875, 0.0242072694759558
531, 129.9693125, 8.396125, 0.0169692914922999
532, 125.0596875, 8.396125, 0.00670528044644519
533, 120.116125, 8.37350000000001, -0.00320787202724304
534, 114.6748125, 8.23774999999998, -0.013610835869626
535, 109.5841875, 7.91534374999998, -0.0216042406914175
536, 104.12025, 7.37800000000001, -0.0338000493408876
537, 98.5884375, 7.04428125000001, -0.0401924540833115
538, 92.89825, 6.57481250000001, -0.0487285068132592
539, 87.19675, 6.23543750000002, -0.0581586833857888
540, 81.1445625, 5.30781250000001, -0.0686302848833831
541, 75.001875, 4.77612500000001, -0.0739806834072831
542, 68.6555625, 3.85981249999999, -0.0811496933217419
543, 62.3545, 2.94350000000001, -0.0853555923977897
544, 55.929, 1.9819375, -0.0918555383086253
545, 49.09625, 1.16178124999999, -0.0966459502305987
546, 42.512375, 0.115375000000014, -0.100428086340646
547, 35.7814375, -0.953656250000009, -0.101353217551083
548, 29.073125, -2.15278125, -0.101353217551083
549, 22.48925, -2.88243749999999, -0.101353217551083
550, 16.109, -3.78178125000001, -0.101011652993316
551, 9.79662500000001, -4.71506250000002, -0.101011652993316
552, 3.2014375, -5.72187500000001, -0.0986894042561372
553, -2.9525625, -6.48546875, -0.0985948753660879
554, -8.95949999999999, -7.17553124999998, -0.0938660484045735
555, -14.7854375, -7.78074999999998, -0.0893296856942373
556, -20.49825, -8.4074375, -0.0820232130309534
557, -26.041375, -8.78640624999998, -0.0761974352740347
558, -31.3921875, -9.26153125, -0.0697896207090629
559, -36.7090625, -9.61221875, -0.0633768501614566
560, -41.833625, -9.8328125, -0.0555156475675999
561, -46.7885, -10.0025, -0.0485748522844527
562, -51.63025, -10.115625, -0.039680397651004
563, -56.1891875, -10.115625, -0.0296275756396214
564, -60.9065, -10.115625, -0.0206549249983127
565, -65.4201875, -10.0025, -0.0123906476018527
566, -69.843375, -9.91765625, -0.00472093144769081
567, -74.0855625, -9.8328125, 0.00472449962786964
568, -78.486125, -9.71403125, 0.0152086309049113
569, -82.7509375, -9.30678124999999, 0.0227349399335179
570, -86.83475, -8.9730625, 0.0326642195166156
571, -91.1448125, -8.85428125000001, 0.0402237230430569
572, -95.1720625, -8.36784375, 0.0488494712889862
573, -99.165375, -7.79090624999998, 0.0574022899077366
574, -103.2039375, -7.4571875, 0.0635940023997603
575, -107.5026875, -7.2875, 0.0709124867226865
576, -111.3715625, -6.51825, 0.0799878284641816
577, -115.500625, -5.99787499999999, 0.0852822357283731
578, -119.41475, -5.38134375, 0.0919646912351014
579, -123.1139375, -4.60078125, 0.096067219485465
580, -127.944375, -4.57249999999999, 0.100849982199432
581, -131.6435625, -3.35075000000001, 0.107944164221313
582, -135.70475, -2.63240624999999, 0.112820454864255
583, -139.845125, -1.98759375, 0.114793653478236
584, -143.8045, -0.975124999999991, 0.115985128341727
585, -147.7525625, -0.0927500000000094, 0.117454861275152
586, -152.017375, 0.653874999999999, 0.117454861275152
587, -156.0785625, 1.73421875, 0.117454861275152
588, -160.1510625, 2.72971875, 0.117454861275152
589, -164.958875, 3.34625, 0.116803589600904
590, -169.167125, 4.273875, 0.11283988035233
591, -173.4771875, 5.34290625, 0.109845035197264
592, -177.8211875, 6.24790625, 0.102510444867686
593, 177.7080625, 7.12912499999999, 0.0974499185751009
594, 172.9455, 7.84181249999999, 0.0932257278731855
595, 168.216875, 8.56581250000001, 0.0845365209521381
596, 163.57875, 9.31809375, 0.0784663390624752
597, 158.1600625, 9.55, 0.0698598357681445
598, 153.6576875, 10.3758125, 0.0596635588784073
599, 148.6123125, 10.839625, 0.0497332164202296
600, 143.4311875, 10.8735625, 0.0425612395425676
601, 138.0464375, 11.0998125, 0.030470044479093
602, 132.6616875, 11.0998125, 0.0192867086844953
603, 127.0054375, 11.0998125, 0.0106533407700922
604, 121.8243125, 11.0998125, -0.000484009821008075
605, 115.5798125, 10.7151875, -0.0122661047420372
606, 109.45975, 10.27965625, -0.0223840430345539
607, 102.694875, 9.41425000000001, -0.030106294186699
608, 96.8463125, 8.89387500000001, -0.0420720365453466
609, 90.477375, 7.99453124999999, -0.0492756621983483
610, 83.93875, 7.26487500000002, -0.0593921188773333
611, 77.7508125, 6.49562499999999, -0.0672504306819828
612, 70.3185, 5.03065625000001, -0.0743586768547892
613, 64.1984375, 4.15393750000001, -0.0795066308653712
614, 51.99225, 3.03965625000001, -0.0913875314004864
615, 44.367625, 2.377875, -0.094632616212998
616, 40.430875, 2.01021874999999, -0.101679268086005
617, 29.4690625, -0.670843750000017, -0.108568945144197
618, 26.3241875, -1.377875, -0.108568945144197
619, 20.385125, -1.94915625000002, -0.109244194895904
620, 8.38256250000001, -5.10534375, -0.109244194895904
621, 4.41187500000001, -5.133625, -0.108568945144197
622, 0.59956249999999, -5.34290625, -0.105986964882117
623, -7.27393749999999, -5.58046874999999, -0.103113319836463
624, -9.45724999999999, -6.96625, -0.102537887789048
625, -21.177, -8.72418750000001, -0.10245706187581
626, -27.19525, -9.8101875, -0.0985750725686274
627, -31.969125, -9.8101875, -0.0912365814999797
628, -32.037, -9.8101875, -0.0748134308455556
629, -38.3154375, -9.8101875, -0.0736348245528514
630, -40.4535, -9.8101875, -0.0718895299698641
631, -44.8993125, -9.8101875, -0.0651957318838308
632, -56.2570625, -10.52853125, -0.0569550205767027
633, -57.9991875, -11.13940625, -0.0418930651090126
634, -58.757125, -11.26384375, -0.0392884881552067
635, -68.10125, -11.29778125, -0.029171759439932
636, -72.4565625, -11.26384375, -0.0271353516608414
637, -77.3775, -11.26384375, -0.0198282043340281
638, -79.662625, -11.26384375, -0.0175722377311044
639, -83.237375, -10.77740625, -0.011685122490142
640, -83.5201875, -10.56246875, 0.00374714378324253
641, -87.785, -9.71403124999999, 0.00806994484452511
642, -92.196875, -9.47081250000001, 0.0183604208087834
643, -98.8146875, -9.44253124999999, 0.0458849963630382
644, -101.2808125, -9.47081250000001, 0.0564335602714313
645, -103.599875, -9.40293749999999, 0.0642779489393395
646, -109.6294375, -8.90518750000001, 0.0667589341249552
647, -114.459875, -8.08503124999999, 0.0735357884602165
648, -115.2404375, -8.0115, 0.074548515131305
649, -122.107125, -7.46284375, 0.0788395071222552
650, -124.2678125, -6.24674999999999, 0.0828792441271465
651, -129.301875, -5.10984375000001, 0.103843119059576
652, -131.157125, -5.09853124999999, 0.103843119059576
653, -138.5555, -4.77046874999999, 0.114499898019138
654, -141.8021875, -2.97178125000001, 0.114882474830363
655, -145.410875, -2.38918750000001, 0.125084642606035
656, -148.10325, -2.377875, 0.125808512404565
657, -154.0196875, -1.3936875, 0.132956679584606
658, -157.78675, 1.03284375, 0.134211658782283
659, -164.099125, 1.17990624999999, 0.13483933467069
660, -165.547125, 1.76815625, 0.13483933467069
661, -170.7848125, 3.07475000000001, 0.13483933467069
662, -176.588125, 4.80440624999999, 0.125808512404565
663, -177.0519375, 5.75581249999999, 0.107488608241509
664, 174.235125, 6.68228124999999, 0.100089037690394
665, 171.701125, 6.74565625, 0.0976658162249912
666, 168.5223125, 9.87240624999998, 0.0971252226609383
667, 160.9655625, 10.296625, 0.0915417764962549
668, 156.746, 10.884875, 0.0876825570597374
669, 155.094375, 11.0998125, 0.0706879751407833
670, 145.6710625, 11.19596875, 0.0587690819581742
671, 137.56, 11.5070625, 0.0360899778394229
672, 134.43775, 11.5070625, 0.0353879467737373
673, 131.17975, 11.5070625, 0.0321883981372546
674, 123.4080625, 11.76159375, 0.00453741696076251
675, 119.7880625, 11.79553125, -0.0223001215560389
676, 111.5751875, 11.79553125, -0.0229145011518772
677, 105.319375, 11.76159375, -0.0262747500249647
678, 98.9278125, 11.76159375, -0.0356395960958288
679, 91.586, 9.97987499999999, -0.0575905176466393
680, 83.8935, 8.39612500000001, -0.0685457435929659
681, 77.2304375, 8.03412499999999, -0.0739324620583885
682, 70.0356875, 6.133625, -0.0808146370151886
683, 63.598875, 5.16640625000001, -0.0868370057290024
684, 52.9311875, 3.16974999999999, -0.0914343079721047
685, 50.7365625, 2.68331250000001, -0.102625295927509
686, 38.59825, 1.1900625, -0.103994689808378
687, 37.5235625, -0.501156250000008, -0.111793095685652
688, 22.376125, -3.79875, -0.115119881747945
689, 18.14525, -4.10418749999999, -0.117046586404942
690, 11.787625, -4.89040625000001, -0.117046586404942
691, 8.06581249999999, -5.52390625, -0.117046586404942
692, 3.21275, -6.79090625000001, -0.115119881747945
693, -2.4321875, -7.16421875, -0.113774394149732
694, -12.7491875, -8.55, -0.11334892714554
695, -13.507125, -8.6291875, -0.104954783620289
696, -21.6181875, -9.2898125, -0.104623632662212
697, -31.516625, -11.13940625, -0.104474288026487
698, -37.670625, -11.8011875, -0.104375280790568
699, -39.2430625, -13.84875, -0.0833972446733347
700, -44.5146875, -13.9731875, -0.0764432123672163
701, -51.81125, -14.8103125, -0.0670858267546705
702, -55.2841875, -14.88384375, -0.0642264430658227
703, -61.019625, -14.88384375, -0.0642264430658227
704, -65.9405625, -14.88384375, -0.0482819771874118
705, -64.7414375, -14.88384375, -0.0309764954604505
706, -68.802625, -13.8600625, -0.0302186744901268
707, -70.1940625, -13.8600625, -0.00738483628365855
708, -74.096875, -13.3396875, 0.00160868833211264
709, -86.38225, -12.45165625, 0.00256338593635713
710, -86.314375, -13.3396875, 0.0115936185046036
711, -93.282875, -13.3396875, 0.0348711789219271
712, -95.34175, -13.3396875, 0.0422721036966932
713, -103.011625, -13.1360625, 0.0555673700760877
714, -100.839625, -12.76275, 0.0556161675297206
715, -107.717625, -12.25934375, 0.0663159623359196
716, -115.5798125, -12.02178125, 0.0726062686055841
717, -115.591125, -10.636, 0.0728732290066453
718, -121.021125, -9.9459375, 0.0782444547766856
719, -124.4261875, -9.9459375, 0.0886107910634632
720, -127.084625, -7.51940625, 0.102742619225436
721, -131.654875, -5.43225, 0.109341477981227
722, -133.5893125, -4.866625, 0.12074641682006
723, -141.8926875, -2.8190625, 0.125432517165275
724, -145.229875, -2.19121875, 0.125432517165275
725, -145.4448125, -0.912906249999992, 0.125432517165275
726, -151.8703125, -0.449093750000003, 0.128221489209115
727, -161.7235, 1.830375, 0.133687637802805
728, -164.0425625, 2.056625, 0.133687637802805
729, -171.27125, 3.38584374999999, 0.125432517165275
730, -168.6354375, 5.34740625000001, 0.126106625190523
731, -173.17175, 5.34740625000001, 0.126106625190523
732, 178.42075, 5.57481250000001, 0.120897250020235
733, 176.5994375, 7.49793749999998, 0.10369551223362
734, 167.3458125, 9.09184375000001, 0.0936503418530105
735, 167.063, 9.71968749999999, 0.0935523874922133
736, 159.9135, 9.73665625, 0.0595999678402908
737, 156.7346875, 9.73665625, 0.05015071154617
738, 146.429, 10.0138125, 0.0473470769811727
739, 140.818, 10.0138125, 0.0368843875536566
740, 141.745625, 11.4165625, 0.0332729589133348
741, 139.7885625, 11.68240625, 0.0321211558605105
742, 128.080125, 11.68240625, 0.026509009394761
743, 124.2451875, 11.68240625, 0.0158574023934287
744, 118.2043125, 11.4165625, 0.0146467230628136
745, 117.5934375, 11.4165625, -0.0259852022941838
746, 106.92575, 10.86225, -0.0409052489421416
747, 101.156375, 9.28981249999998, -0.0434376539647142
748, 105.771875, 9.28981249999998, -0.0498668169543331
749, 91.8009375, 9.28981249999998, -0.0498668169543331
750, 90.8054375, 9.92331250000001, -0.053449265865806
751, 89.210375, 9.92331250000001, -0.064422960920187
752, 84.21025, 9.28981249999998, -0.064422960920187
753, 78.8820625, 9.28981249999998, -0.0747592163054684
754, 65.3296875, 6.99903125, -0.0842261623696572
755, 61.40425, 6.32593749999999, -0.0842261623696572
756, 64.57175, 3.93900000000002, -0.0842261623696572
757, 57.0489375, 1.95365625000001, -0.110259709101438
758, 42.9535625, 3.56568750000001, -0.13598312207165
759, 46.041875, 3.56568750000001, -0.137295930467543
760, 33.0664375, 3.32812499999999, -0.140944373014656
761, 38.14575, 1.37106250000001, -0.140944373014656
762, 34.07325, -0.274906250000015, -0.140944373014656
763, 21.5955625, -0.382374999999996, -0.144454821567358
764, 21.4824375, -1.78512500000001, -0.144454821567358
765, 5.56575000000001, -3.82703124999999, -0.140944373014656
766, 11.6179375, -7.67328125000002, -0.147970675938239
767, -3.8349375, -8.35768749999998, -0.151214391886784
768, -9.71743749999999, -9.16087499999999, -0.151214391886784
769, -4.6494375, -8.73550000000002, -0.1519697279179
770, -19.7403125, -10.17334375, -0.151214391886784
771, -26.991625, -11.8464375, -0.1519697279179
772, -25.7359375, -11.85890625, -0.1519697279179
773, -29.8989375, -11.85890625, -0.1519697279179
774, -41.381125, -14.32953125, -0.137126947067104
775, -46.3246875, -14.32953125, -0.118861377582957
776, -44.707, -15.0365625, -0.057345916071026
777, -55.4199375, -15.17796875, -0.057345916071026
778, -60.521875, -17.0049375, -0.0555053867326595
779, -62.8861875, -17.11240625, -0.0550293716845085
780, -64.48125, -17.627125, -0.0464978394414914
781, -67.807125, -17.627125, -0.018871119646552
782, -69.36825, -17.627125, -0.0174905517915332
783, -85.0586875, -17.627125, -0.00149952905921355
784, -89.7873125, -20.75503125, 0.00959384382110698
785, -85.228375, -21.4620625, 0.011203355460154
786, -100.3079375, -21.4620625, 0.0166759828630275
787, -107.9325625, -20.75503125, 0.0248198856307304
788, -115.1046875, -20.75503125, 0.0375761406244779
789, -113.8376875, -20.75503125, 0.0504879464124889
790, -129.1548125, -20.42696875, 0.0857966069013289
791, -130.1276875, -19.55025, 0.0921134337261564
792, -131.8245625, -19.23915625, 0.115793094296868
793, -139.913, -9.55565625, 0.127490795283902
794, -148.6349375, -5.43225, 0.127490795283902
795, -145.705, -3.22065625, 0.127490795283902
796, -151.157625, -2.86996875, 0.124096348112921
797, -155.1283125, 8.69140625000001, 0.127490795283902
798, -173.5676875, 13.33403125, 0.129959609543517
799, -165.796, 13.33403125, 0.129959609543517
800, 177.3686875, 16.24815625, 0.124096348112921
801, -176.15825, 17.30471875, 0.122165799837334
802, 170.253125, 17.30471875, 0.122165799837334
803, 173.5676875, 16.19609375, 0.114902315927849
804, 162.153375, 16.19609375, 0.110175805092193
805, 156.270875, 16.19609375, 0.110175805092193
806, 149.754875, 16.19609375, 0.0999310159925023
807, 154.415625, 16.19609375, 0.0947070910999853
808, 145.11675, 15.704, 0.0745120963865306
809, 134.2228125, 15.704, 0.0563847217074255
810, 134.324625, 15.704, 0.050891047261781
811, 129.596, 15.6248125, 0.0134692795699575
812, 129.075625, 15.4211875, 0.0134692795699575
813, 121.7225, 14.87253125, 0.0134692795699575
814, 113.192875, 12.42903125, 0.0119877069947349
815, 110.839875, 11.27515625, -0.036339112212431
816, 105.65875, 11.201625, -0.0512754179520221
817, 99.14275, 10.68690625, -0.0512754179520221
818, 98.2264375, 11.12809375, -0.058817046316542
819, 93.26025, 10.68690625, -0.0649345343722803
820, 89.8778125, 10.3531875, -0.0693737573544411
821, 87.0949375, 8.23209374999999, -0.0913278719207063
822, 74.3118125, 8.23209374999999, -0.12185772637985
823, 69.0515, 7.34971874999999, -0.123526541591082
824, 79.1875, 7.16871875, -0.128279337356056
825, 76.585625, 5.48315624999999, -0.134620888674503
826, 61.4495, 5.48315624999999, -0.151412559748907
827, 46.47175, 3.88809375, -0.147705405088005
828, 63.7233125, 1.85184375, -0.151412559748907
829, 35.114, 1.85184375, -0.151412559748907
830, 45.1029375, 1.54640624999999, -0.206816650544406
831, 25.5096875, 0.109718749999985, -0.213895468405795
832, 44.367625, -2.35640625000001, -0.213895468405795
833, 27.8400625, 0.109718749999985, -0.213895468405795
834, 22.263, -2.96728125, -0.213895468405795
835, 4.57024999999999, -6.36103125000001, -0.213895468405795
836, 15.271875, -10.31475, -0.208105822733816
837, 1.33487500000001, -10.95390625, -0.208105822733816
838, -13.1790625, -13.57275, -0.208105822733816
839, -16.0071875, -14.95853125, -0.238329467788259
840, -26.064, -14.95853125, -0.238329467788259
841, -34.8764375, -14.95853125, -0.238329467788259
842, -36.5280625, -15.65875, -0.193746523633719
843, -9.95500000000001, -17.5705625, -0.193746523633719
844, -22.557125, -17.5705625, -0.189757173739336
845, -55.725375, -17.5705625, -0.189757173739336
846, -57.671125, -18.40203125, -0.152890589412705
847, -64.639625, -18.75271875, -0.144590866569832
848, -51.223, -19.51065625, -0.133024713828693
849, -84.142375, -24.36371875, -0.0426904259469479
850, -88.9728125, -24.36371875, -0.0347330960979593
851, -84.346, -27.446375, -0.0347330960979593
852, -94.3575625, -27.446375, -0.0163972169622694
853, -74.5380625, -29.04709375, -0.0105663170371817
854, -110.591, -26.948625, -0.0163972169622694
855, -87.3664375, -29.34121875, -0.0163972169622694
856, -107.3216875, -29.34121875, -0.00719346413045233
857, -102.0953125, -29.34121875, -0.00719346413045233
858, -137.5939375, -31.88653125, 0.0315353774004086
859, -134.4264375, -35.20109375, 0.0350940525998701
860, -124.686375, -35.20109375, 0.139392013376551
861, -133.53275, -35.20109375, 0.139392013376551
862, -134.4264375, -29.2224375, 0.15252366414745
863, -141.157375, -20.591, 0.139392013376551
864, -144.777375, -20.591, 0.155823847021306
865, -161.0560625, -17.83075, 0.163666366473142
866, -175.97725, -16.224375, 0.163666366473142
867, -165.2416875, -1.672, 0.198175926003472
868, 175.6605, 3.43109374999999, 0.198175926003472
869, -165.5131875, 4.81687499999998, 0.198175926003472
870, 174.43875, 4.81687499999998, 0.205425925684236
871, -176.0225, 4.81687499999998, 0.256145388443259
872, 174.9478125, 4.81687499999998, 0.205425925684236
873, 156.4405625, 4.81687499999998, 0.256145388443259
874, 153.307, 4.81687499999998, 0.282950066312943
875, 144.8565625, 4.81571874999999, 0.282950066312943
876, 145.6258125, 4.22746875, 0.282950066312943
877, 143.48775, 4.81571874999999, 0.253247255510176
878, 140.297625, 4.81571874999999, 0.199230931110799
879, 134.7205625, 7.626875, 0.199230931110799
880, 135.2975, 10.3645, 0.119929708292677
881, 128.532625, 10.3645, 0.0393611688398799
882, 127.4805625, 10.3645, 0.0393611688398799
883, 115.88525, 16.02075, 0.0223286445378219
884, 105.5343125, 13.48675, 0.0393611688398799
885, 108.0456875, 16.02075, 0.0393611688398799
886, 107.2085625, 16.4619375, 0.0123562073662378
887, 99.9685625, 16.02075, 0.0123562073662378
888, 99.188, 13.48675, 0.0123562073662378
889, 88.3845625, 13.48675, -0.0275367909058299
890, 95.2851875, 13.48675, -0.083052121629223
891, 80.839125, 16.15084375, -0.083052121629223
892, 84.0745, 13.44715625, -0.083052121629223
893, 73.9498125, 13.44715625, -0.083052121629223
894, 71.879625, 11.156375, -0.083052121629223
895, 57.0489375, 11.156375, -0.162181845340046
896, 61.064875, 11.156375, -0.162181845340046
897, 45.65725, 9.23325, -0.132359986592467
898, 44.707, 5.85081249999999, -0.162181845340046
899, 38.575625, 5.85081249999999, -0.250488129878698
900, 30.475875, 5.85081249999999, -0.29363929957064
901, 34.6728125, 5.85081249999999, -0.29363929957064
902, 26.177125, 5.05328125000001, -0.287846275904559
903, 32.6139375, 0.36990625, -0.287846275904559
904, 20.747125, -0.416312499999989, -0.290898312501873
905, 10.701625, -2.00571875000001, -0.287846275904559
906, -2.54531249999999, -2.07924999999999, -0.287846275904559
907, -18.86925, -2.07924999999999, -0.287846275904559
908, -22.48925, -7.41759374999999, -0.287846275904559
909, -26.9803125, -12.0908125, -0.256760946860555
910, 1.9118125, -12.1745, -0.256760946860555
911, -30.00075, -12.1745, -0.256760946860555
912, -53.100875, -12.1745, -0.345607148399628
913, -33.07775, -12.1745, -0.345607148399628
914, -56.3475625, -12.1745, -0.30443057926513
915, -31.9465, -12.1745, -0.30443057926513
916, -72.2529375, -12.1745, -0.345607148399628
917, -53.7909375, -19.82175, -0.345607148399628
918, -53.16875, -24.78228125, -0.30443057926513
919, -112.5028125, -24.78228125, -0.291201282352811
920, -96.8915625, -20.09325, -0.0266647800997917
921, -113.1136875, -23.08540625, -0.0266647800997917
922, -84.30075, -24.78228125, -0.0266647800997917
923, -101.1224375, -24.78228125, 0.00567734557727489
924, -91.0316875, -25.04246875, 0.00567734557727489
925, -123.781375, -23.08540625, 0.0141893138306374
926, -135.25225, -25.04246875, 0.00567734557727489
927, -126.20225, -26.93165625, -0.0504417686886833
928, -107.8194375, -32.68971875, 0.0293364313114166
929, -154.8568125, -26.93165625, 0.115546225477484
930, -146.134875, -32.68971875, 0.0293364313114166
931, -169.4273125, -32.68971875, -0.0133042095797867
932, -144.1099375, -32.68971875, -0.0133042095797867
933, -176.9275, -28.63984375, 0.0322902932443436
934, -162.243875, -28.14209375, 0.115546225477484
935, -173.8844375, -28.14209375, 0.129800930466729
936, -173.2283125, -28.14209375, 0.129800930466729
937, -173.3414375, -18.894125, 0.179499837868202
938, 172.9115625, -8.80903125, 0.203948848310689
939, -167.19875, -8.80903125, 0.203948848310689
940, 160.0605625, -8.80903125, 0.255780553138604
941, 159.1329375, 0.840531250000012, 0.203948848310689
942, 136.768125, 1.46156250000001, 0.236677715517448
943, 146.5986875, 1.46156250000001, 0.236677715517448
944, 150.23, 1.46156250000001, 0.255780553138604
945, 144.777375, -21.76865625, 0.237902364592501
946, 141.6890625, -14.30240625, 0.236677715517448
947, 130.433125, 0.839375000000018, 0.236677715517448
948, 130.659375, 0.839375000000018, 0.237902364592501
949, 128.215875, 0.839375000000018, 0.237902364592501
950, 122.6161875, 13.93925, 0.237902364592501
951, 116.06625, 13.93925, 0.17681854032042
952, 115.410125, 18.76403125, 0.156968714872623
953, 102.016125, 25.59678125, 0.139592456955691
954, 95.4888125, 27.3219375, 0.090484006194166
955, 97.7513125, 27.3219375, 0.0666214145698523
956, 94.6290625, 27.3219375, 0.0434515295885342
957, 88.10175, 25.59678125, 0.0237603721786295
958, 80.726, 28.4079375, 0.0226907325476544
959, 68.64425, 28.4079375, -0.0192030657314453
960, 62.105625, 28.4079375, -0.0751524841157379
961, 104.821625, 25.21215625, -0.0940468182497194
962, 44.9785, 18.38621875, -0.168229261309637
963, 35.7814375, 18.38621875, -0.168229261309637
964, 32.942, 18.4258125, -0.168229261309637
965, 15.24925, 18.38621875, -0.1405133519753
966, 23.6544375, 18.38621875, -0.168229261309637
967, 7.94137499999999, 14.342, -0.1405133519753
968, -1.97968750000001, 10.201625, -0.1405133519753
969, -19.2651875, 6.60990625000001, -0.0812650591582091
970, -42.331375, 3.957125, -0.0812650591582091
971, -38.1005, 0.173093749999992, -0.0680442324414797
972, -48.2251875, -3.60528125000001, -0.0812650591582091
973, -57.196, -6.12796874999999, -0.0812650591582091
974, -63.7006875, -9.9911875, -0.134152039098009
975, -73.418125, -9.9911875, -0.365365746073568
976, -88.9615, -14.51053125, -0.365365746073568
977, -85.3980625, -14.51053125, -0.273340331981143
978, -87.943375, -16.9596875, -0.273340331981143
979, -97.8418125, -14.51053125, -0.273340331981143
980, -103.5433125, -12.1858125, -0.273340331981143
981, -110.251625, -10.37015625, -0.259079520403685
982, -101.789875, -12.1858125, -0.252041912246459
983, -113.735875, -10.37015625, -0.230277887973117
984, -129.1774375, -10.37015625, 0.0887740708314192
985, -130.501, -10.37015625, 0.0887740708314192
986, -116.269875, -10.37015625, 0.102541748142624
987, -121.13425, -13.80915625, 0.10361868326633
988, -155.365875, -20.8285625, 0.102541748142624
989, -144.30225, -20.8285625, 0.0887740708314192
990, -161.927125, -20.8285625, 0.0605768540042629
991, -160.59225, -23.735875, 0.0605768540042629
992, -158.985875, -23.68496875, 0.0605768540042629
993, -163.510875, -23.68496875, 0.0605768540042629
994, -166.29375, -23.68496875, -0.0261639484330124
995, -167.538125, -23.68496875, 0.0605768540042629
996, -177.176375, -23.4259375, -0.0261639484330124
997, -174.3369375, -23.4259375, -0.0261639484330124
998, 177.2555625, -22.10121875, -0.0261639484330124
999, 175.547375, -21.47453125, -0.0188351608065889
1000, 172.379875, -21.47453125, -0.0231665370133671
1001, 168.397875, -13.61234375, -0.0188351608065889
1002, 159.845625, -12.54896875, -0.0188351608065889
1003, 165.230375, -12.54896875, 0.0310814794392913
1004, 152.6848125, -13.61234375, 0.0608694307920586
1005, 161.8026875, -12.192625, 0.0608694307920586
1006, 146.677875, -12.192625, 0.0608694307920586
1007, 144.7886875, -13.61234375, 0.193722835964155
1008, 143.329375, -14.3985625, 0.20440001845658
1009, 146.6213125, -14.3985625, 0.267425359526225
1010, 139.1776875, -13.46528125, 0.267425359526225
1011, 126.9715, -12.192625, 0.193722835964155
1012, 133.2273125, -11.627, 0.193722835964155
1013, 145.6031875, -11.627, 0.114855283809691
1014, 134.664, -10.8916875, 0.11354717301117
1015, 131.5983125, -9.74912499999999, 0.11354717301117
1016, 126.11175, -9.74912499999999, 0.0963862492210765
1017, 119.165875, -10.8916875, 0.0963862492210765
1018, 132.469375, -9.74912499999999, 0.0963862492210765
1019, 110.5344375, -9.74912499999999, 0.114855283809691
1020, 101.6428125, -8.26718749999999, 0.126124897381981
1021, 119.6523125, -5.07140625000001, 0.0882208959097804
1022, 113.9395, -8.26718749999999, 0.126124897381981
1023, 38.3380625, 3.96162499999998, 0.147974096680361
 Start of computed error model signatures. Index  phaseCorrection  magCorrection
0, 0.933761314049431, 0.0227175926331644
1, 0.912120440292932, 0.0207478118033989
2, 1.70192008978126, -0.00417105438262221
3, 1.68941246530194, -0.00920027044379864
4, 1.7023158142294, -0.0037520437144409
5, 0.858184559657731, 0.0116028450996544
6, 0.853153374777678, 0.00907210983269433
7, 0.851633645373195, 0.00648485849499169
8, 1.65005454339435, 0.0122010273214594
9, 1.69948282592115, -0.00579365528954476
10, 0.868239325381752, -0.00142889162352695
11, 0.880728197792838, -0.00404230992025719
12, 0.896580660739537, -0.00660843791703068
13, 0.915639943815908, -0.00909998724147533
14, 0.93779620048307, -0.0115010062839638
15, 0.962881067139694, -0.0137905015380592
16, 0.990637112399362, -0.0159437591688893
17, 1.0209627049994, -0.0179506884364895
18, 1.05348471295696, -0.019784564737395
19, 1.0879997433075, -0.0214329700856399
20, 1.1241436981783, -0.022877618860408
21, 1.16168643864457, -0.0241084551218238
22, 1.20022825701613, -0.0251115466424033
23, 1.23951979774537, -0.0258795961677792
24, 1.27930727612169, -0.0264052564780614
25, 1.31899352313322, -0.0266798479785588
26, 1.35856388940737, -0.0267016842409841
27, 1.39725572536374, -0.0264695445167947
28, 1.43497574402404, -0.0259848042583397
29, 1.47123511108378, -0.0252537454791365
30, 1.50586802270857, -0.0242797111042987
31, 1.53855837783369, -0.0230697647587116
32, 1.56900404429578, -0.0216331458234078
33, 1.59686427277658, -0.019984886107007
34, 1.62190222009985, -0.0181387636027516
35, 1.64391725011933, -0.0161082963092158
36, 1.66259782674687, -0.0139239663792577
37, 1.67784928706756, -0.0116019472382617
38, 1.6896011903076, -0.00915296342155982
39, 1.69768771691338, -0.00661426724800257
40, 1.7020949502066, -0.0039980286568086
41, 1.70278431770036, -0.00132714519436209
42, 1.69976009492443, 0.00136929023014212
43, 1.69301791356168, 0.00408477946260901
44, 1.68269890265051, 0.00676715616191045
45, 1.66886163888544, 0.00941029290729143
46, 1.65166621575201, 0.0119858648782287
47, 1.63118889897498, 0.0144824488104277
48, 1.60774633917778, 0.0168629608548181
49, 1.58128378875742, 0.0191316347009951
50, 1.55236439841723, 0.0212401906007166
51, 1.52114692043604, 0.0231813433144954
52, 1.4873284926511, 0.0249679646491348
53, 1.4526524656443, 0.0265135105471403
54, 1.41635321441626, 0.0278617428301969
55, 1.37831126698005, 0.0290095555136611
56, 1.33972523981961, 0.0299183395690007
57, 1.30144571424286, 0.0305791561743933
58, 1.26204492274315, 0.0310158727093166
59, 1.22385858375541, 0.0312041390215352
60, 1.18544848694701, 0.0311549219189961
61, 1.14812900938005, 0.0308667888917832
62, 1.11171941026923, 0.0303399414351336
63, 1.0768348353637, 0.0295832807174566
64, 1.04374319786571, 0.0286060200021712
65, 1.01242846410651, 0.0274076857837095
66, 0.983418642717274, 0.0260084835926455
67, 0.956865598519572, 0.0244187821506617
68, 0.934859337512456, 0.0226666727479983
69, 0.931598372788609, 0.0208750966883865
70, 0.93352583823619, 0.0189054973852148
71, 0.940371751178123, 0.0167859801864741
72, 0.951599750516054, 0.0145121368724291
73, 0.966812943339834, 0.0121214241731
74, 0.985443708274735, 0.00962144726082769
75, 1.00693352397599, 0.00703698893177587
76, 1.03069745410587, 0.00437617401834061
77, 1.05613541692058, 0.00166542347644675
78, 1.08262098507469, -0.00106789278181474
79, 1.10954845940049, -0.00380812478984357
80, 1.13632895892636, -0.00653922320886833
81, 1.16234328572888, -0.0092271033394387
82, 1.18705772568199, -0.0118613011238879
83, 1.20993731308206, -0.0144192644300107
84, 1.23046035571945, -0.0168684437132299
85, 1.24820569869438, -0.0191981806951679
86, 1.2627725145157, -0.0213871558726723
87, 1.27381848035186, -0.0234187064877567
88, 1.28105737653017, -0.025261260798
89, 1.28431395811656, -0.0268929447248918
90, 1.2833778987031, -0.0283302842594805
91, 1.27829127533147, -0.0295208755994562
92, 1.2689840779358, -0.0304717216970263
93, 1.25549480283629, -0.0311679463641849
94, 1.23811952221307, -0.0315924490674519
95, 1.21691991306677, -0.0317395724396694
96, 1.19251162192172, -0.0316058926847888
97, 1.16494212553866, -0.0311808545886296
98, 1.13504091519673, -0.0304784075552833
99, 1.10312088785158, -0.0294935282998207
100, 1.06935815814481, -0.0281923382010225
101, 1.03519481649025, -0.0266533926774167
102, 1.00063110351549, -0.0248198940607676
103, 0.966664268033305, -0.022736166320517
104, 0.93402215853005, -0.0204265309450206
105, 0.903290271141426, -0.0178808936221013
106, 0.875256024904368, -0.0151341219171685
107, 0.850608344515105, -0.0122080836218867
108, 0.830014996397426, -0.00911959980683149
109, 0.814094589463981, -0.00590741176426043
110, 0.803419289420708, -0.0025916177252872
111, 0.798652681535855, 0.000829163566314915
112, 0.80004033182061, 0.00427514937699704
113, 0.808034708153687, 0.00773829639177464
114, 0.82335208865944, 0.0112317328729769
115, 0.845326943840702, 0.0146306254487655
116, 0.874574170296929, 0.017962904172416
117, 0.91113236201541, 0.0211980282636779
118, 0.954820167834861, 0.0242995166866289
119, 1.00568400735339, 0.0272504108459252
120, 1.06293401450707, 0.0299992536590398
121, 1.12610589301707, 0.0325228181092616
122, 1.19553518785797, 0.0348257343632579
123, 1.26930444939065, 0.0368456231192978
124, 1.34758895738158, 0.0385896611805206
125, 1.42978180986767, 0.040040491978375
126, 1.51407651710757, 0.0411684837769573
127, 1.5998740210285, 0.0419711841299423
128, 1.68730942948083, 0.0424447096711648
129, 1.773807451102, 0.042575800777144
130, 1.85912043060683, 0.0423650580960865
131, 1.94205442608097, 0.0418130749480917
132, 2.02144786331644, 0.0409262515749681
133, 2.09653499235895, 0.0397065407456537
134, 2.16618279672823, 0.0381652412325531
135, 2.22926788051553, 0.0363237569870521
136, 2.28523783576567, 0.0341791564443641
137, 2.33295726998201, 0.0317682650314913
138, 2.37181679942464, 0.0291007217131536
139, 2.40112474318248, 0.0261975947705169
140, 2.42027828601027, 0.0230818217419909
141, 2.42873296523843, 0.0197703328018185
142, 2.42626207691183, 0.0163202129011424
143, 2.41227472649498, 0.0127117685856754
144, 2.38670587204709, 0.00899652835270556
145, 2.34975092229736, 0.00522087214557502
146, 2.30129825378771, 0.0013977488479359
147, 2.24100714713472, -0.00246889524626665
148, 2.17014066354779, -0.00629748718884831
149, 2.08802423222207, -0.010109339469636
150, 1.99570949584034, -0.0138488809770595
151, 1.89384502471201, -0.017486965803823
152, 1.78292682608899, -0.0210028596748638
153, 1.66404509551413, -0.0243610338110745
154, 1.5367451454792, -0.0275688148719363
155, 1.40397624686844, -0.0305507585643127
156, 1.26574132134912, -0.0333089776622715
157, 1.12352387995429, -0.0358133387121165
158, 0.978000729153276, -0.0380508117510753
159, 0.83081575752075, -0.0399939022372842
160, 0.684251020779327, -0.0416140736603854
161, 0.538290402749275, -0.0429109901823204
162, 0.395558256426737, -0.0438595051711535
163, 0.256211006211062, -0.044454194259673
164, 0.123341195484471, -0.0446796018677912
165, -0.00257565698353091, -0.0445313097804102
166, -0.11960196633539, -0.0440065376480884
167, -0.226878251967686, -0.0430981253935088
168, -0.322715038315611, -0.0418067186421057
169, -0.405362629273519, -0.0401483250973969
170, -0.474020855230006, -0.0381205242762801
171, -0.527377450363484, -0.0357444741906603
172, -0.564599117466658, -0.0330095282222902
173, -0.584605568151751, -0.0299664219233641
174, -0.586800345194416, -0.0266233443049613
175, -0.570551348300961, -0.0229961183057731
176, -0.535519280032899, -0.0191190704004709
177, -0.482033663206277, -0.0150494069038152
178, -0.408209227828217, -0.0107182937637347
179, -0.316521170946438, -0.00627976891473192
180, -0.206299410993454, -0.00171481467838922
181, -0.0786983820167253, 0.00291879289575745
182, 0.0656644495687586, 0.00759116249872193
183, 0.225728115237262, 0.0122616630876178
184, 0.399852690673664, 0.0168793653217654
185, 0.587318430748314, 0.0214220126287174
186, 0.784066673865274, 0.0257934202164425
187, 0.993205891886559, 0.0300609875636715
188, 1.2086686779698, 0.0340946354629834
189, 1.42872845422197, 0.0378673548579286
190, 1.65204831403467, 0.0413590427601673
191, 1.87505479914451, 0.0445165547480988
192, 2.09715710105445, 0.0473348264961289
193, 2.31472567038013, 0.0497684379767565
194, 2.52546382028884, 0.0517956006010135
195, 2.7278539276573, 0.0534032750637188
196, 2.91889038406073, 0.0545682412580655
197, 3.09678394758388, 0.0552805603377299
198, 3.25864574652905, 0.0555318105463967
199, 3.40402819575123, 0.05531869371551
200, 3.52917700891607, 0.0546547315950292
201, 3.63455963382058, 0.0535366522101741
202, 3.71884583357609, 0.0519596487079056
203, 3.77988985839025, 0.0499717688985112
204, 3.81759461767764, 0.0475672890790963
205, 3.83039099742175, 0.0449643409096652
206, 3.82229034607483, 0.041885255704651
207, 3.79442081259081, 0.0384503907673884
208, 3.74576606677784, 0.0346389065560964
209, 3.6790353075545, 0.0306195143783034
210, 3.59122131721231, 0.0262610062997675
211, 3.48204272028843, 0.0215959615427108
212, 3.36128229252931, 0.0169748601353275
213, 3.22449521540736, 0.012225616416798
214, 3.06986697086727, 0.00730741090643231
215, 2.8995762712769, 0.00230048207233071
216, 2.71785134095919, -0.00267779492232219
217, 2.52732830150214, -0.00756697639642818
218, 2.31450878822348, -0.0126615202363372
219, 2.10374457913252, -0.0174157965631366
220, 1.8868488833041, -0.022019765941826
221, 1.64929205580877, -0.0267320113530652
222, 1.41275502602904, -0.0311321095815813
223, 1.17519737876414, -0.03526495390671
224, 0.938877934568291, -0.0390981684587629
225, 0.694717181102821, -0.0427565058346406
226, 0.460715570123105, -0.0459859303748875
227, 0.223456173030978, -0.0489581255838991
228, -0.0154533534055001, -0.0516258539326382
229, -0.242964438303002, -0.0538467149015331
230, -0.458863884493412, -0.0556321772727719
231, -0.667034219502229, -0.0570099586234288
232, -0.864703232930393, -0.0579524094655116
233, -1.05515158101338, -0.0584441459138708
234, -1.22090902886004, -0.0584705227974144
235, -1.37901707522226, -0.058009169004023
236, -1.51931765559674, -0.0570518296500313
237, -1.63832632555092, -0.0556337468501476
238, -1.73609122755118, -0.053779431172042
239, -1.81440973080304, -0.0514202253712539
240, -1.87029826830815, -0.048613165069876
241, -1.90317742762998, -0.0452883878368347
242, -1.91199266497682, -0.0416824748267307
243, -1.89610891409743, -0.0375816235358669
244, -1.85114452198883, -0.0328525308843286
245, -1.78507505284512, -0.0281055182113136
246, -1.69197520674358, -0.0229523338395501
247, -1.57441010829171, -0.0175607775998599
248, -1.43210510632022, -0.0119395419576612
249, -1.26354948127743, -0.00607067313484739
250, -1.07168213846192, -7.60103406496496E-05
251, -0.855693493012878, 0.00604324123328649
252, -0.620963105289244, 0.0121312310431983
253, -0.362015113039319, 0.0182959326548239
254, -0.0958927372962326, 0.0241581667340217
255, 0.194432426322414, 0.0300555304232813
256, 0.501823658135781, 0.0358107819833799
257, 0.813902892711688, 0.0411983332323206
258, 1.13727045324333, 0.0463181681794042
259, 1.45823641749026, 0.0509637176081527
260, 1.79660195794931, 0.0553771732824445
261, 2.11584147268544, 0.0591085944667239
262, 2.44169717746451, 0.0624444392433569
263, 2.75635937455087, 0.0651947354573519
264, 3.05979583361324, 0.0673645896040741
265, 3.35171954849092, 0.0689459965145995
266, 3.63354667672588, 0.069919764999455
267, 3.88594590211055, 0.0702469349596449
268, 4.12012276296587, 0.0699607044262897
269, 4.33465144908322, 0.0690394104954603
270, 4.52169584292621, 0.067523811088809
271, 4.68247479450467, 0.0654210998196056
272, 4.81462258025914, 0.0627865762705832
273, 4.91986075025394, 0.0595793151481554
274, 4.99562398960455, 0.0558721705103312
275, 5.04145150419099, 0.051752225469222
276, 5.05820700450636, 0.0472531893074241
277, 5.04447311933289, 0.042174750615134
278, 5.00307593863894, 0.0369682841689382
279, 4.93356054097756, 0.0314636896384064
280, 4.838715621666, 0.0258105221513224
281, 4.71608319134137, 0.0198874794249544
282, 4.55944265635311, 0.0135264994340751
283, 4.39258222219164, 0.00755195934173124
284, 4.20076336230155, 0.00143222340064471
285, 3.98207924840082, -0.00484566877254447
286, 3.74819523757696, -0.010966935020522
287, 3.50317901310517, -0.0168627503689232
288, 3.22655548809106, -0.0229571455891764
289, 2.94148857528205, -0.0287514734961844
290, 2.64114078437097, -0.0343788857345352
291, 2.32961257254484, -0.0397579534259862
292, 2.00901099612357, -0.044849614073219
293, 1.69271327645192, -0.0494724009778018
294, 1.35897475792477, -0.0539128126400949
295, 1.02752935838463, -0.0579095615554031
296, 0.686860766922684, -0.0615797786578631
297, 0.364170598690298, -0.0646635938034337
298, 0.0303396030650782, -0.0674131877971363
299, -0.287844746278653, -0.0696158500190257
300, -0.609795343367724, -0.0713826524468845
301, -0.921452930527283, -0.0726171724926172
302, -1.21112644007473, -0.0733005285656131
303, -1.49231203808882, -0.0734604753081386
304, -1.76265367004039, -0.0730605244443653
305, -2.01240797684658, -0.0721058298695275
306, -2.241612236771, -0.0705979781068446
307, -2.46097727740319, -0.0683752461271193
308, -2.64039192409953, -0.0657899648422191
309, -2.80256159063494, -0.0624945201258298
310, -2.93024192472251, -0.0588632029370903
311, -3.0350294115136, -0.0544654651967534
312, -3.10618416467004, -0.0496977245888041
313, -3.14537050541537, -0.0446029683231408
314, -3.15436718401399, -0.0393199302229076
315, -3.12831846151059, -0.0330922896589224
316, -3.0700974147782, -0.0267836203488118
317, -2.97429411232472, -0.0199684899808648
318, -2.85680896312547, -0.0134912098078025
319, -2.69501485987231, -0.00630375513983819
320, -2.48965275859167, 0.00132565160015865
321, -2.25937800842696, 0.00873866737654717
322, -2.01301367741519, 0.0157779362536935
323, -1.72069283660983, 0.0231918483269958
324, -1.41367555104144, 0.0302061395577177
325, -1.05745388165868, 0.0374986383037573
326, -0.685983051011111, 0.0443581536445999
327, -0.294022846062119, 0.0508817033280808
328, 0.105441120375141, 0.0568745410534279
329, 0.541354777549078, 0.0626983975145034
330, 0.982616963046231, 0.0679125000953772
331, 1.42230657148029, 0.0724566565771006
332, 1.86487897982209, 0.0763784494835264
333, 2.31196216643913, 0.0796668513623675
334, 2.74756014910059, 0.0822043555989706
335, 3.17685415667753, 0.0840149172533514
336, 3.59474603935755, 0.0850579255766956
337, 4.00095695159292, 0.0853011876341775
338, 4.35945807830515, 0.0847978586577197
339, 4.70236308440076, 0.0835381340909341
340, 5.03109309755979, 0.0814293942366776
341, 5.30335847066192, 0.0788360483905605
342, 5.57039015994753, 0.0752004763562521
343, 5.7810560994188, 0.0712516412732726
344, 5.96147355673037, 0.066601029102673
345, 6.1058737073283, 0.0613327271720704
346, 6.20916934756762, 0.0557281916513716
347, 6.27543131101282, 0.0496567647980223
348, 6.30415529541035, 0.0434029445111154
349, 6.29562899669246, 0.0365396895115046
350, 6.25052324405889, 0.0295365489993964
351, 6.17009265080369, 0.0223668242005214
352, 6.05345721084327, 0.0149730344488616
353, 5.90889109409596, 0.00773382444892627
354, 5.72851010875777, 0.000282041895540021
355, 5.52017938606679, -0.00707272697243751
356, 5.27499299126708, -0.0145830288888216
357, 5.0049860212265, -0.0218871198017804
358, 4.72318237463054, -0.0287268876152443
359, 4.3860454462163, -0.0360044430449137
360, 4.07350076093776, -0.0421588671342108
361, 3.72389533761468, -0.0483732741429498
362, 3.35377659551626, -0.0543161605033516
363, 2.94623918693743, -0.0601747342639565
364, 2.57606729540057, -0.0650043661961117
365, 2.13524521740623, -0.0700707098774126
366, 1.73882735926616, -0.0741278919837998
367, 1.32028126441877, -0.0778592630022186
368, 0.855391461662483, -0.0813414204676695
369, 0.471613394545924, -0.0837688379103956
370, 0.0385314895904616, -0.0859191692132739
371, -0.371792104512487, -0.0874112099108443
372, -0.824358788469425, -0.0883659149083622
373, -1.19656994386706, -0.0886253904997231
374, -1.5779056518193, -0.0883019449286031
375, -1.94938225701137, -0.0873553861392282
376, -2.31104079634778, -0.0857427880176167
377, -2.64266293909307, -0.0835637968348748
378, -2.97846552642054, -0.0804920726959662
379, -3.25197536324934, -0.0772120760896753
380, -3.51476047979472, -0.0731447684580523
381, -3.75238407870202, -0.068388239073624
382, -3.94231613986938, -0.0635169222088975
383, -4.12104116137694, -0.0573848768781956
384, -4.2461637295826, -0.0515386950443934
385, -4.34672482238755, -0.0443870707148957
386, -4.40034514134707, -0.0378100513529025
387, -4.41740153517898, -0.0298638880204881
388, -4.39636116994637, -0.0225559518146102
389, -4.32679923084694, -0.0140558329390243
390, -4.22052043957793, -0.00587800115346502
391, -4.06948961603907, 0.00260569822528699
392, -3.87826726947475, 0.0110878581537107
393, -3.62357530903143, 0.020258416372119
394, -3.35821367011632, 0.0284135631399094
395, -3.03262600691838, 0.0369866293694113
396, -2.68222576768877, 0.0450371833452236
397, -2.2714197682549, 0.0532522627923818
398, -1.84760524827199, 0.0607073669853993
399, -1.34187602562577, 0.0684167704511691
400, -0.880145694712266, 0.0746138448738817
401, -0.33293097870689, 0.0809191554533077
402, 0.18678274112991, 0.086055338527171
403, 0.777232531357625, 0.0908819879320352
404, 1.32763050353292, 0.0945255479826374
405, 1.93861059703007, 0.0975622618001375
406, 2.49381494331054, 0.09944955158156
407, 3.03822809037166, 0.100443090778021
408, 3.58396639716765, 0.100528643900062
409, 4.13860513816531, 0.0995907595504881
410, 4.63416561917924, 0.097655322608286
411, 5.16235504265833, 0.094472964640743
412, 5.58859296554607, 0.0909038396603341
413, 5.98930942641605, 0.0865132536516963
414, 6.3746506482305, 0.0810275425367528
415, 6.6991726065547, 0.075075192547579
416, 6.96975076399073, 0.0687059942016966
417, 7.20430085455161, 0.0614117333220136
418, 7.3735407572679, 0.0543037670496961
419, 7.50312819315805, 0.0462612166865175
420, 7.57720535628219, 0.0384527161231786
421, 7.60213813060615, 0.0293829638333567
422, 7.58059220538385, 0.021568978758761
423, 7.50377280127317, 0.0126410028798093
424, 7.39665604426282, 0.00479473609560225
425, 7.23135522366942, -0.00384383027001915
426, 7.02505280343725, -0.0122419065557541
427, 6.78330945153722, -0.0203051823559749
428, 6.47377650778941, -0.0288947261369875
429, 6.17486229498505, -0.03606535691608
430, 5.81776426050073, -0.0435036683017962
431, 5.40479765822535, -0.050982613279802
432, 5.00657399190589, -0.0573395895979105
433, 4.54671478626269, -0.0637892356729254
434, 4.06977257141253, -0.0696536930744786
435, 3.59612268676328, -0.0747619804912167
436, 3.07968119338178, -0.079601601223614
437, 2.60300269424557, -0.083463695691499
438, 2.07663528826406, -0.0870925002199775
439, 1.49811649759328, -0.0903586488652079
440, 0.980635527477142, -0.092665029229439
441, 0.436589611573469, -0.0944726275207346
442, -0.169339448071393, -0.095740818764357
443, -0.701823107531258, -0.0961891923170472
444, -1.19969046037995, -0.0960198624719823
445, -1.71032775336364, -0.0952173499936431
446, -2.24420022907735, -0.0936323679558945
447, -2.71591555787963, -0.0915233269132588
448, -3.18337373597919, -0.0886730226081191
449, -3.57964438883339, -0.0855693299803823
450, -4.01696165163035, -0.0812119570734503
451, -4.38217181065507, -0.0766476578720617
452, -4.69021882497907, -0.0719360961695584
453, -5.00925728374018, -0.0658052705498556
454, -5.25920215366656, -0.0597268529805288
455, -5.47123212236242, -0.0530367784413248
456, -5.6368252160729, -0.0459173606280481
457, -5.74892110807477, -0.0389270720937466
458, -5.82061074443929, -0.0304885219774073
459, -5.83691787212456, -0.0229736719897675
460, -5.80563498785559, -0.0150503170157518
461, -5.70960741759681, -0.00596621298033089
462, -5.56907638261156, 0.00245024581541638
463, -5.36941433103286, 0.0111539772348435
464, -5.1185245929537, 0.0197291845927172
465, -4.82062411490833, 0.0280740369410987
466, -4.45204846407251, 0.0366949536417799
467, -4.00908319632543, 0.045440706463008
468, -3.52929729136664, 0.053548024691194
469, -3.04529245699634, 0.0606547404436778
470, -2.45717791344878, 0.068111451663774
471, -1.85229898136276, 0.074711000949339
472, -1.19259918229251, 0.0808573561985403
473, -0.536707300156361, 0.0860243415374339
474, 0.227353886951925, 0.0909683065836248
475, 0.908894306003984, 0.0944800734092042
476, 1.690291796405, 0.0975056829614866
477, 2.41448610791712, 0.0993716282257887
478, 3.15067489342852, 0.100330250338545
479, 3.82614597885498, 0.100341138643601
480, 4.58960799977051, 0.0992742707073981
481, 5.28000969896457, 0.0972054186246767
482, 5.87108837617819, 0.0944724240761182
483, 6.49315584042494, 0.0904296917487635
484, 7.0464546922691, 0.0855694162913876
485, 7.51397795883392, 0.0802322403699085
486, 7.96350710975326, 0.0735481792577979
487, 8.32175723827657, 0.0665633375524802
488, 8.58754486102906, 0.0598062132160109
489, 8.82352891948858, 0.0514372643294951
490, 8.97230366037902, 0.0434951115556165
491, 9.05900015191335, 0.0349737865144261
492, 9.07695789299953, 0.0259217245410845
493, 9.03514717207381, 0.0177232502859402
494, 8.92548539255118, 0.00877587802986113
495, 8.75003992168088, -0.000263932097219457
496, 8.53510970125061, -0.00851158414492928
497, 8.25811682963534, -0.0169285318717864
498, 7.93827837730154, -0.0249579011415954
499, 7.54839745074656, -0.0331902925410045
500, 7.14379589459043, -0.0405519551501419
501, 6.70597660594795, -0.0475086274696003
502, 6.22207322923963, -0.0542523217043966
503, 5.71848071219403, -0.0604374935156396
504, 5.1591953530255, -0.0664738777727675
505, 4.61831520069628, -0.0716166014269696
506, 4.01751855363936, -0.0766134137269748
507, 3.42643045378605, -0.0808810774984757
508, 2.82573480242178, -0.0846119936998924
509, 2.20966137063268, -0.087845379416089
510, 1.60266716803943, -0.0904730111159654
511, 0.968082723267932, -0.0926461620377
512, 0.362793907092995, -0.0941808537590425
513, -0.283775846453312, -0.0952392225273759
514, -0.870278236996978, -0.0956692091750963
515, -1.46082470565945, -0.0955748698813424
516, -2.06338553794024, -0.0949030189191916
517, -2.63163830053866, -0.0936962232122348
518, -3.17247374419026, -0.0919812957578455
519, -3.71047893929731, -0.089659983400131
520, -4.20950676967528, -0.0868799819416957
521, -4.68553755343402, -0.0835650011013175
522, -5.13533353042179, -0.0797113338930431
523, -5.55403763495406, -0.0753327552707669
524, -5.93517357346148, -0.0704796774422887
525, -6.27288338077162, -0.0652337950637425
526, -6.56727703970211, -0.0596057129537313
527, -6.82851463160204, -0.0532819759068654
528, -7.04440344140296, -0.0463458784580427
529, -7.19103818024064, -0.0398741620867284
530, -7.29607003222217, -0.0325919417093303
531, -7.34566716803277, -0.0246928777208843
532, -7.33394240732165, -0.0166757697475124
533, -7.26036384474681, -0.00846780881735202
534, -7.10575266114924, 0.000665628971609591
535, -6.89580618526542, 0.00921464855715576
536, -6.59827573627328, 0.0183379428354066
537, -6.22473325169507, 0.0274298104450912
538, -5.76734708736941, 0.0365456400763398
539, -5.23933978940942, 0.0453487448411089
540, -4.60630716296857, 0.0542434834189688
541, -3.89528932983294, 0.0626936972893987
542, -3.09588361360274, 0.0707146014824478
543, -2.24702054257551, 0.0778669958178265
544, -1.33430683516486, 0.0842430750413234
545, -0.323095625998722, 0.0899221696489095
546, 0.676274568441909, 0.0942413115834568
547, 1.71099719950668, 0.0974322388471512
548, 2.74122653219893, 0.0993367775096446
549, 3.73793780615843, 0.0999431768609643
550, 4.67802171529282, 0.099330726385445
551, 5.5720756123572, 0.0975705807457547
552, 6.45639770687413, 0.0945265915489011
553, 7.22541210257271, 0.0906136165031226
554, 7.91541133873602, 0.0858385358135952
555, 8.5203361718074, 0.0803556301488907
556, 9.04597227204943, 0.0742187259029418
557, 9.48720431548295, 0.0676024803101808
558, 9.84505037893305, 0.0606561135918671
559, 10.1308361765205, 0.0532658785758888
560, 10.3384752771135, 0.0457441675527645
561, 10.4742890159334, 0.038155388358604
562, 10.5440510453136, 0.0304923075690038
563, 10.5530701135794, 0.0231061194549278
564, 10.502276888714, 0.0153262488315079
565, 10.3981842863811, 0.00780810045359643
566, 10.2434971066407, 0.000411829673813197
567, 10.0473577152502, -0.00666593366397656
568, 9.79338044076539, -0.013961628913306
569, 9.50098272304783, -0.0209396451619889
570, 9.17997770239214, -0.0274996077004936
571, 8.79658747096578, -0.0342707827742993
572, 8.40167446527622, -0.0404094799420568
573, 7.97538765392332, -0.0462946930430505
574, 7.5104773284764, -0.0520165695525477
575, 6.97926681152078, -0.0578279682140572
576, 6.47533348411464, -0.0627694199949216
577, 5.90855714405875, -0.067734772252273
578, 5.34896222649465, -0.0721138374309509
579, 4.80242293388129, -0.0759413171613815
580, 4.05775404419195, -0.0804899054060639
581, 3.47707709939083, -0.0835734796647246
582, 2.82478786058945, -0.0865694282916696
583, 2.1488960094083, -0.0891827589265197
584, 1.49646613541414, -0.0912501234413579
585, 0.842158443209193, -0.0928842932120414
586, 0.133364653500181, -0.0941639720297194
587, -0.53821271546284, -0.094903494893417
588, -1.20581488217432, -0.0951738742645781
589, -1.98357395153154, -0.0948835131905579
590, -2.64819753849625, -0.0940880664500582
591, -3.31091789452924, -0.0927545095539119
592, -3.95654652190101, -0.0908864074976388
593, -4.59376366136436, -0.0884243135277402
594, -5.23766587091681, -0.0852131177675681
595, -5.83685863516297, -0.0814477524476652
596, -6.381885737867, -0.0772209803149285
597, -6.95896651776418, -0.0716349828434379
598, -7.38794761412725, -0.0665193282261308
599, -7.80827783475099, -0.0602905641855423
600, -8.17067862250473, -0.0534040537652559
601, -8.46928228347493, -0.0457769571464424
602, -8.6859674110739, -0.0377394285035173
603, -8.82198484967861, -0.028923919046211
604, -8.86531019479013, -0.020599713311757
605, -8.8067327229915, -0.0103071811676713
606, -8.63678285792435, -8.21769228246633E-05
607, -8.31786969726178, 0.0112579056869493
608, -7.93964925458189, 0.0209494775705483
609, -7.41796346736579, 0.0312944532835246
610, -6.77097906123261, 0.0415518328605103
611, -6.06379599848001, 0.0507937096612215
612, -5.09615211753185, 0.0611767867690338
613, -4.22181294759489, 0.0689868200109763
614, -2.26990329847963, 0.0825054998385422
615, -0.95974156126747, 0.0895228605454992
616, -0.267069708336003, 0.0927708046316764
617, 1.72268125785523, 0.0988330755436361
618, 2.29665152060703, 0.10024991215395
619, 3.37930798483631, 0.10173288582938
620, 5.49929213953362, 0.101009137061771
621, 6.17830930849944, 0.100089924409738
622, 6.81383188819629, 0.0987652296264353
623, 8.03692166941862, 0.0941996851242355
624, 8.37353555056207, 0.0928888411717108
625, 9.90191721102225, 0.0819036575183563
626, 10.5711864400006, 0.075034822868363
627, 11.0404985009352, 0.0690170443721674
628, 11.0812798339499, 0.0691891595359548
629, 11.589539902548, 0.0603651919526225
630, 11.7605639956568, 0.0573149315330424
631, 12.0308968506108, 0.0504444112959702
632, 12.369671857458, 0.031239254828972
633, 12.4183922444349, 0.0282270772574232
634, 12.4597196225588, 0.0269429625420446
635, 12.3433142746052, 0.00983698120376742
636, 12.2099330559132, 0.00170074153223044
637, 11.9770008912856, -0.00755819549117308
638, 11.8627709178678, -0.0119098262377582
639, 11.6265117365905, -0.0186749758448994
640, 11.6420492407422, -0.0193169418607541
641, 11.2931551336299, -0.0273460343209912
642, 10.8700845249656, -0.0355385978323559
643, 10.1070165220484, -0.0473962696017423
644, 9.8115075482229, -0.051829463054644
645, 9.51919777028755, -0.0559519012338392
646, 8.64029009732718, -0.0658712957922637
647, 7.87786510384406, -0.073394216165429
648, 7.7717753609174, -0.0748394049539258
649, 6.57567326288099, -0.0844396792462625
650, 6.19554604178098, -0.087476392951945
651, 5.24940366885077, -0.0936009643648961
652, 4.90156018298849, -0.0959346031884752
653, 3.42052767335957, -0.10306098684725
654, 2.76001749473326, -0.105893496915199
655, 2.01426398054144, -0.108601971714516
656, 1.45379239012893, -0.110456343338325
657, 0.207933493264809, -0.113142627689491
658, -0.585289054346353, -0.114379112368322
659, -1.90258233787852, -0.11501876928742
660, -2.20676888791649, -0.115303411343124
661, -3.27546291978355, -0.114541344601715
662, -4.42166534147135, -0.112491189576423
663, -4.52520493366456, -0.112661035763928
664, -6.13493142636617, -0.106962575143177
665, -6.59045996803657, -0.105084665922978
666, -7.13819602691293, -0.102309868425697
667, -8.30885533354119, -0.0938662450434104
668, -8.90826211088226, -0.0885182123464273
669, -9.14819865878487, -0.086459430597106
670, -10.2078919152054, -0.0718401898258219
671, -10.8836709725348, -0.0575678153336662
672, -11.1047367305609, -0.0518096545743257
673, -11.2961558887924, -0.0455759281685463
674, -11.5362699962937, -0.0298108815374278
675, -11.5905965186843, -0.0222370608625105
676, -11.4723965610234, -0.00454455542770154
677, -11.2161063806456, 0.0091444662199699
678, -10.7983714233248, 0.0231416727812111
679, -10.1250150347353, 0.0389834348480156
680, -9.21314307776064, 0.0550347844236441
681, -8.27008017170512, 0.0682996850370289
682, -7.09855646065932, 0.0816859118492144
683, -5.93485133171126, 0.0927127940290328
684, -3.78436106927036, 0.108299973337824
685, -3.33113037942402, 0.111391907170696
686, -0.619863788139881, 0.12379838315971
687, -0.382316606440744, 0.125037307420734
688, 3.14084431541182, 0.132197404208023
689, 4.11881056440699, 0.132911740337695
690, 5.56482487389404, 0.132414044614533
691, 6.39665555397296, 0.131548143911022
692, 7.45180282480769, 0.129450122026558
693, 8.6282426304358, 0.125765193069677
694, 10.5850157967914, 0.11556672335253
695, 10.7410056767705, 0.114994552271616
696, 12.0716027431342, 0.104139123507806
697, 13.4041965039394, 0.0879764850229672
698, 14.0707405421775, 0.0766259300117679
699, 14.2456981823727, 0.0737210665263284
700, 14.6776315609459, 0.0630507352698543
701, 15.0771665324948, 0.0472838069856006
702, 15.211412262519, 0.0395132851054187
703, 15.2961779010417, 0.0262512685071203
704, 15.2636661384718, 0.01460551277658
705, 15.3326106795438, 0.0174769234134122
706, 15.2562299841664, 0.00772134732327073
707, 15.2411145813406, 0.00433516730076238
708, 15.0797799155989, -0.00516770277767709
709, 14.0689829048327, -0.0347084055751882
710, 14.1157544719841, -0.0347027461765154
711, 13.2916754375524, -0.0510153076328171
712, 13.0387194567686, -0.0558671910676182
713, 11.8604361302408, -0.0727433610303592
714, 12.2595175287562, -0.0684042026430919
715, 11.0832783018061, -0.0829112170219968
716, 9.55510604073415, -0.0980298809061116
717, 9.580666018488, -0.098389618853571
718, 8.43223990938747, -0.107930433948017
719, 7.68403069572016, -0.113580820814524
720, 7.08586720524382, -0.117814008018088
721, 6.00806028946123, -0.124235873876189
722, 5.55056140093944, -0.126961024226249
723, 3.47062232247223, -0.135642891204091
724, 2.62158131816544, -0.138597778151982
725, 2.57513777124352, -0.139182440625072
726, 0.907499774934788, -0.14307798746896
727, -1.65005083549354, -0.145267604534076
728, -2.24742892543361, -0.145485605804615
729, -4.06972476132341, -0.143664336753479
730, -3.42245786430877, -0.145194439502027
731, -4.5559012041875, -0.143531337707262
732, -6.557511718024, -0.137643872644439
733, -6.98551427226444, -0.136267863875282
734, -8.96342244517624, -0.12548035136106
735, -9.0427936475158, -0.125437681160804
736, -10.4022051203761, -0.1147088829125
737, -10.9681794373618, -0.109484613070657
738, -12.4811626868092, -0.0894868757593089
739, -13.1410261482175, -0.0773418936757233
740, -13.0827032631434, -0.0796461581793212
741, -13.313946968689, -0.0753604984644528
742, -14.1611583848308, -0.0469137278191087
743, -14.3283920374301, -0.0371014658928814
744, -14.4286064575142, -0.0211705197503598
745, -14.4662190762946, -0.0195551585772195
746, -14.1572067153555, 0.00938915396705212
747, -13.7849191354744, 0.0251218732249884
748, -14.1697745822907, 0.012668920082301
749, -12.8707295992154, 0.0503223630270144
750, -12.7811067240214, 0.0531008150759481
751, -12.6043501705224, 0.0574325482775925
752, -11.8960165952387, 0.0703728599914275
753, -11.0251431839127, 0.0836453549852202
754, -8.28607660491931, 0.113746080704929
755, -7.40255167224104, 0.121654062301556
756, -8.17146986357953, 0.115935688646063
757, -6.39188199273045, 0.130150849142581
758, -2.68990114862659, 0.150477292198635
759, -3.55305861526806, 0.147253993506395
760, 0.0624945923784286, 0.160076797881341
761, -1.39051322416373, 0.156589648972197
762, -0.244021669359471, 0.160278941897897
763, 3.32951115585266, 0.165677199871172
764, 3.36081892748841, 0.166131780671799
765, 7.78863129137007, 0.161562875170194
766, 6.15168785562414, 0.165383536630565
767, 10.2239770809184, 0.153575740253058
768, 11.6371389337848, 0.146329834691197
769, 10.4573729018617, 0.153385395811168
770, 13.8107422650485, 0.130504289074032
771, 15.1486887758161, 0.116324368779485
772, 14.9666295460227, 0.119248939741501
773, 15.6766912096202, 0.110489785830162
774, 17.1864801757743, 0.0829337425045688
775, 17.6673577656976, 0.0700330668336332
776, 17.5727220451652, 0.0745191788271502
777, 18.2451773497939, 0.0448714038600705
778, 18.3812428194603, 0.0301202421033916
779, 18.4209889520921, 0.0231798487707966
780, 18.4450577767144, 0.0184543919454729
781, 18.4080181582687, 0.00851772196476718
782, 18.3929128647643, 0.00380364827585664
783, 17.1694993418192, -0.0429139134944624
784, 16.5886510906671, -0.0566701920044895
785, 17.2297680888213, -0.0437324525333493
786, 14.9124130829352, -0.0858778451595591
787, 13.3832131876729, -0.105273248384575
788, 11.7445718031248, -0.121886584451544
789, 12.0831526526179, -0.119483876711763
790, 8.06510637658106, -0.148795744290526
791, 7.80981413378614, -0.150700512501041
792, 7.34205167859471, -0.153622885414829
793, 4.95971009087315, -0.164121310264126
794, 2.29716754688682, -0.171726151725866
795, 3.21353992365921, -0.170201976896661
796, 1.53012045362168, -0.17394712764122
797, 0.298253225474175, -0.175796298816732
798, -5.30999671974214, -0.171531349672839
799, -2.99770501800344, -0.176199587155308
800, -7.88489701213536, -0.163350451908234
801, -6.08880078246674, -0.1706400258271
802, -9.77476114587961, -0.15407566489741
803, -8.94548341203698, -0.15944206649627
804, -11.7324450754042, -0.140347451027898
805, -12.9928697761298, -0.12833764817089
806, -14.217079512107, -0.113325804965296
807, -13.409850255494, -0.124702112075132
808, -15.0141944290013, -0.10193861246206
809, -16.3503686593859, -0.071649899399414
810, -16.3785233229545, -0.0720821478503768
811, -16.7910660757712, -0.0580176455097587
812, -16.8638262447394, -0.0565214728363945
813, -17.2229604347397, -0.0335891611556812
814, -17.2546446062232, -0.00613695788970836
815, -17.221512822748, 0.00155368170252429
816, -16.9890403977685, 0.0184951629178395
817, -16.4740002913785, 0.039672752654199
818, -16.4182741394501, 0.0427511997980926
819, -15.8863099694588, 0.0576163255296816
820, -15.5005242914163, 0.0667678171848358
821, -15.1675388364837, 0.0739414384153015
822, -12.8531299598422, 0.109529933386754
823, -11.7809315383615, 0.122195399940425
824, -14.0908984594742, 0.0934780393302988
825, -13.6926130569045, 0.099654815642882
826, -10.2883284059742, 0.137508137179817
827, -6.1698033633004, 0.166301200408571
828, -11.1507534641179, 0.130126798837801
829, -2.90803100278656, 0.180743801527801
830, -6.22238548325103, 0.166569025591065
831, -0.0743393305037412, 0.188309892654725
832, -6.31181514142741, 0.166456685503001
833, -1.17204777880188, 0.186241146189551
834, 0.522040042364878, 0.189634376749394
835, 6.22679141894952, 0.189775562066578
836, 2.53990841588688, 0.191796917719278
837, 6.97261187398603, 0.188657136166032
838, 11.2700566422094, 0.174432349169911
839, 11.9496180843889, 0.171045295718535
840, 14.489709998008, 0.154192647128842
841, 16.4099716054444, 0.136029235156789
842, 16.6724522382209, 0.133234654547721
843, 9.66046013645618, 0.181754280551393
844, 13.1585781675571, 0.164449347551775
845, 19.5886891687381, 0.0847601027962196
846, 19.772819310309, 0.0802926143185838
847, 20.3620164947007, 0.0600715085517804
848, 18.8836029120024, 0.10201618383188
849, 20.6686448592334, -0.000938377129754426
850, 20.4587874178956, -0.0155154724315929
851, 20.7479220095569, 0.0013960987522454
852, 20.1551068021335, -0.0303554934058513
853, 20.8478209424013, 0.0369788418814345
854, 18.1344451426505, -0.0790997313925385
855, 20.8035177131608, -0.0026564952653216
856, 18.8796649854386, -0.0663384817458137
857, 19.6975137798661, -0.0483203037933948
858, 12.3143191651368, -0.145431749574216
859, 13.3502844792264, -0.137476306926094
860, 15.9585367511755, -0.112043932208957
861, 13.8835599414648, -0.133413162870887
862, 13.7888367358767, -0.134525097062895
863, 12.0492008862551, -0.148549755828218
864, 11.1303488424573, -0.154992229710929
865, 6.05451629328817, -0.179362697722872
866, 1.07736216041435, -0.189645865702702
867, 4.96821923461764, -0.182901156776583
868, -1.49822583429988, -0.190346068104281
869, 5.21480384199111, -0.182482292180061
870, -1.59487637143354, -0.190485163973963
871, 1.904013664166, -0.189338382447554
872, -1.08983471882907, -0.190855575565068
873, -7.16367244573007, -0.179905226660261
874, -8.01199372683036, -0.176772658948393
875, -10.4172599118702, -0.164946898168415
876, -10.0694305420884, -0.167066278900527
877, -10.5627998632561, -0.164315929802878
878, -11.3406060523468, -0.159487493783469
879, -12.7158286045772, -0.149387977066903
880, -12.45910608695, -0.151607306508045
881, -14.0327399687904, -0.137762695519076
882, -14.1842663317726, -0.136416540912715
883, -16.4694286832692, -0.107602984895385
884, -17.9495195306649, -0.07847460879712
885, -17.5888678822984, -0.0875482438111287
886, -17.6604133781706, -0.0864310350270908
887, -18.4643204628651, -0.0653828509776527
888, -18.5167548273273, -0.06436840413998
889, -19.1838821232297, -0.030430132804692
890, -18.8151389871803, -0.0547635022702155
891, -19.2985408663466, -0.00801374363070513
892, -19.3203510151302, -0.0205256879981224
893, -19.1743620609881, 0.0123530516135931
894, -19.1150749208352, 0.0178598359017696
895, -17.6800366872002, 0.0657333863687751
896, -18.2943058515898, 0.051171875132343
897, -15.9102383320244, 0.0983934666034136
898, -15.8353952141105, 0.0999174948127887
899, -14.6142596130892, 0.11626783708043
900, -12.7146917648394, 0.136490243273639
901, -13.9427898996357, 0.124552302518266
902, -11.8260763465619, 0.144834410158044
903, -13.7037638381054, 0.127733108496311
904, -10.5503849903956, 0.155150837142249
905, -7.53142992459443, 0.173585374156299
906, -3.12242377431122, 0.190636424974911
907, 2.64094714332921, 0.198726772093248
908, 3.78843438155029, 0.198624213486036
909, 5.24561786157835, 0.197596580847033
910, -5.40527982367555, 0.183804876550068
911, 5.99593433294336, 0.196808310538999
912, 13.5513804042031, 0.170313952777142
913, 6.76382288213374, 0.195715654899919
914, 14.256770762214, 0.1661338250433
915, 6.02550245304537, 0.197111275591404
916, 18.1670831534195, 0.132306969193372
917, 13.1008275085205, 0.173477941197476
918, 12.7723994791547, 0.175374120671911
919, 22.5551835770237, 0.0102955298444816
920, 21.9084868490358, 0.064650253075111
921, 22.6084429151921, 0.0113153677352001
922, 20.1266625937159, 0.106810854201538
923, 22.2172106984636, 0.0552394176981497
924, 21.0875541526409, 0.0892951518790997
925, 22.3896725267276, -0.019267394669506
926, 21.3183240329454, -0.0565571533185725
927, 22.3374676323888, -0.0245001169987227
928, 22.6077165720298, 0.0404145738940431
929, 17.9855023919143, -0.11306526177102
930, 19.9654589377378, -0.0858564209275844
931, 14.3498384077155, -0.148141674745585
932, 20.5452251685026, -0.076716817426236
933, 12.3347377016053, -0.16223298876812
934, 16.832786734312, -0.127359014727245
935, 13.6354912726132, -0.154285787852751
936, 14.0015287670256, -0.151948659592853
937, 14.1291616165822, -0.151272496759848
938, 9.77345780378402, -0.176484525107329
939, 16.2332886737058, -0.134643209514463
940, 5.4737460685151, -0.191114479973191
941, 5.31157318231474, -0.191611831083309
942, -2.98281769167724, -0.195627611018451
943, 0.924008017948347, -0.197505646115999
944, 2.49582163590064, -0.196524812655418
945, 0.59464942628648, -0.197797737485207
946, -0.403813550243787, -0.197901134173524
947, -4.47430342322042, -0.193617461058977
948, -4.21799499215962, -0.194192740897431
949, -4.95161168259955, -0.192791279332581
950, -6.82173214660906, -0.187931599151455
951, -8.95742489723863, -0.180170762183147
952, -9.02870732419106, -0.179958126200228
953, -13.1561226358915, -0.156521970876908
954, -14.8619048076536, -0.142677548160142
955, -14.1336774136016, -0.149179890820283
956, -14.8709202707549, -0.142922872697073
957, -16.4073835096446, -0.12743339825439
958, -17.9193557169667, -0.107989335828298
959, -19.8178739426387, -0.0717990838406022
960, -20.4833459763183, -0.0515447795693741
961, -11.2250412658678, -0.169937710721279
962, -21.0457451314764, 0.00485791438830385
963, -20.6116518286282, 0.0355086494477328
964, -20.4240798045856, 0.043790602914799
965, -17.8164203982833, 0.100531509998516
966, -19.4307259227838, 0.0722192998618795
967, -16.4365771904745, 0.119711414039127
968, -13.9416351810997, 0.145251779292814
969, -8.50674883536517, 0.180639195399628
970, 0.0395585526417477, 0.20376720411114
971, -1.81047759663692, 0.201584804706312
972, 1.98211952593942, 0.204901398775809
973, 5.31544307103354, 0.203061398100036
974, 7.63748226363756, 0.199079848086981
975, 11.0570205821335, 0.188700212188705
976, 16.0571623217763, 0.161477111737587
977, 14.8187477532892, 0.169987341220848
978, 15.4833906830434, 0.165766812523146
979, 18.2206319810041, 0.143807821330264
980, 19.5568246570859, 0.129919995184113
981, 20.9509520705686, 0.111952534452043
982, 18.928095839215, 0.137252252437787
983, 21.4863259973281, 0.104220173850675
984, 23.5995300527493, 0.0551636557544268
985, 23.6975616253292, 0.0521875235857865
986, 21.7539599103195, 0.100712061489848
987, 22.5114309378403, 0.0867150448396136
988, 23.8503423174281, -0.030859397246574
989, 24.315115318901, 0.0100345715621279
990, 23.3536390462826, -0.050608119352863
991, 23.5782739645057, -0.0444475836434373
992, 23.8056464786688, -0.0372852269336788
993, 23.4091691922317, -0.0514657684718085
994, 23.1438957662997, -0.0594813450563113
995, 23.0637303927982, -0.0622047093856074
996, 21.5443250355674, -0.0924641628361703
997, 22.1884802671065, -0.0819113061600347
998, 20.6117599130689, -0.107029604151315
999, 20.3508648990513, -0.110861265636286
1000, 19.7235150386715, -0.118903187169637
1001, 18.8374413033726, -0.128940676374119
1002, 16.5215325071111, -0.149975705690628
1003, 18.2694559897334, -0.135207852403374
1004, 14.5493212447176, -0.164270708271515
1005, 17.597442434239, -0.141940098234383
1006, 12.8266940015166, -0.174516036768304
1007, 12.333226418722, -0.177191185558237
1008, 11.9893474183655, -0.17902531837878
1009, 13.356522624029, -0.172316620575735
1010, 10.8287012803954, -0.184460161171371
1011, 6.25730810224794, -0.198502684416604
1012, 8.93603695947903, -0.191628669026397
1013, 13.7278123342452, -0.171105288094904
1014, 9.88277432543101, -0.188742327053576
1015, 8.88815807598144, -0.192232367776243
1016, 6.90792225744385, -0.197732148389146
1017, 4.28177611937847, -0.202521639828791
1018, 9.81525531287142, -0.189622046299557
1019, 1.11226090370034, -0.204875334951599
1020, -2.36907114637713, -0.203037640564802
1021, 5.28710578420387, -0.201532780995843
1022, 3.1297214263987, -0.204268442059431
1023, -21.2649778958765, -0.0694023428132313
